.values =                                                                                                                                                     
array([array([ 1.12572180e-03,  1.12572180e-03,  1.12572180e-03,  1.12572180e-03,
               1.12572180e-03,  1.12572180e-03,  1.12572180e-03,  1.12572180e-03,
               1.12572180e-03,  1.12572180e-03,  1.12572180e-03,  1.12572180e-03,
               1.12572180e-03,  1.12572180e-03,  1.12572180e-03,  1.12572180e-03,
               1.12572180e-03,  1.12572180e-03,  1.12572180e-03,  1.12572180e-03,
               1.12572180e-03,  1.12572180e-03,  1.12572180e-03,  1.12572180e-03,
               1.12572180e-03,  1.12572180e-03,  1.12572180e-03,  1.12572180e-03,
               1.12572180e-03,  1.12572180e-03,  1.12572180e-03,  1.12572180e-03,
               1.12572180e-03,  1.12572180e-03,  1.12572180e-03,  1.12572180e-03,
               1.12572180e-03,  1.12572180e-03,  1.12572180e-03,  1.12572180e-03,
               5.55143465e-02,  1.32068406e-01,  1.21567707e-01, -6.14807795e-02,
               1.58486177e-02, -1.12953376e-02, -1.75001513e-02, -5.92126738e-02,
              -1.23386054e-01, -1.39274745e-01,  5.90233514e-02,  1.16859208e-01,
              -9.84370067e-03,  2.32821767e-02, -9.85436991e-03,  1.31148741e-03,
               1.38356452e-02,  1.84988742e-02, -1.09231110e-02, -2.12627287e-02,
              -2.82215290e-02, -2.82215290e-02, -2.82215290e-02, -2.82215290e-02,
              -2.82215290e-02, -2.82215290e-02, -2.82215290e-02, -2.82215290e-02,
              -2.82215290e-02, -2.82215290e-02, -2.82215290e-02, -1.80644030e-02,
              -1.84180683e-03,  3.91307836e-02,  1.01248985e-02,  1.49859255e-02,
               5.50425702e-03,  8.69917338e-02,  4.79452079e-02,  4.16076397e-02,
              -3.14618089e-01,  3.70072340e-02,  6.83727478e-02,  8.92042273e-03,
              -5.27539337e-02,  9.38170468e-02,  3.16259078e-01, -9.50475589e-02,
               8.54662498e-03,  6.69786771e-03,  3.22495445e-02,  2.21602662e-02,
               1.89782475e-01,  6.99143155e-02, -1.08226444e-01, -2.26538108e-02,
               1.16719081e-02, -7.46528830e-02, -5.93679871e-02,  1.15778056e-01,
              -2.76279490e-01,  5.65589246e-02,  7.65161094e-02, -1.58085648e-02,
              -2.93285233e-01, -1.47216641e-02, -1.45037683e-01, -6.12202518e-03,
              -2.18241763e-02, -6.64263320e-02, -1.46483953e-01,  5.11656451e-02,
              -6.05456483e-02, -6.05456483e-02, -7.68805992e-02, -7.68805992e-02,
              -8.35157454e-02, -8.35157454e-02,  1.02967799e-02, -9.23518534e-03,
              -1.46244883e-02, -1.46244883e-02, -1.46244883e-02, -1.46244883e-02,
              -5.21400690e-02, -3.52800607e-02,  2.68885971e-02, -1.67061086e-03,
              -2.79705762e-02, -3.79240751e-02, -5.45184254e-02,  9.35260062e-03,
               2.01738781e-01,  3.94611598e-02,  5.20439387e-02,  1.90183164e-02,
              -7.98073768e-02,  1.08009720e-01,  1.16098070e-01,  1.18562245e-01,
              -4.76132430e-02,  1.09172841e-01, -2.46295131e-02, -6.69263996e-02,
              -2.61711217e-02,  1.84567832e-02, -2.69326979e-01,  9.53831139e-02,
               4.41614452e-02,  6.84347901e-02, -1.37387439e-01, -7.43650046e-02,
              -1.56506621e-04, -1.29937087e-01, -8.20342647e-02, -6.60756700e-03,
               1.88375637e-01, -7.37355153e-02, -2.48688857e-02,  3.50693662e-02,
               9.20762022e-02, -6.12330735e-02, -1.32504016e-01, -6.72698916e-02,
               1.51764860e-01,  1.04780495e-02,  7.14123546e-02,  1.31140709e-01,
              -1.50075277e-01, -1.24013027e-01,  1.06370489e-01, -9.22099148e-04,
               1.34913768e-02,  1.40427794e-02,  3.00254073e-02, -7.61894921e-03,
              -2.85447095e-02,  1.41014006e-02, -3.34157799e-02, -1.28701185e-01,
              -1.28701185e-01,  1.42982166e-03,  1.42982166e-03,  2.39621357e-02,
              -4.43670793e-02, -6.09964569e-03,  1.09171228e-02, -1.51775316e-01,
              -6.34518416e-02,  8.36318581e-02, -9.09008097e-03, -1.04750048e-02,
               1.46235574e-02,  1.12602865e-01,  4.78096648e-02,  9.90897857e-03,
              -2.28970603e-02, -9.44867686e-02,  1.01262455e-01, -2.32802989e-02,
              -2.32802989e-02, -2.32802989e-02, -2.32802989e-02, -2.32802989e-02,
              -2.32802989e-02, -2.32802989e-02, -2.32802989e-02, -2.32802989e-02,
              -2.32802989e-02, -2.32802989e-02, -2.32802989e-02, -2.32802989e-02,
              -2.32802989e-02,  5.28162905e-05,  5.84653682e-02, -5.37925694e-02,
              -8.89616940e-02, -1.70310471e-02,  2.80625076e-01, -6.56569296e-02,
              -2.46251517e-02, -1.28294438e-01, -1.00650479e-01, -1.00650479e-01,
              -1.00650479e-01, -3.23322354e-03, -1.65726452e-01,  3.16515238e-01,
               2.52153447e-01, -4.72751354e-02, -4.30056921e-04, -5.98486160e-02,
               7.67345394e-02, -2.12441717e-02, -8.50734149e-02, -2.48364841e-02,
               1.96446773e-01, -1.81925354e-01, -3.40978477e-02,  1.71212974e-01,
               1.75392769e-01, -2.39834917e-03, -2.39834917e-03, -2.39834917e-03,
              -2.39834917e-03, -7.64054163e-02, -7.64054163e-02, -9.42030254e-02,
              -9.42030254e-02,  1.08895451e-01,  3.07578959e-01,  5.22088858e-03,
               5.22088858e-03,  5.22088858e-03,  5.22088858e-03,  5.22088858e-03,
              -6.64876846e-03, -6.64876846e-03, -6.64876846e-03, -6.64876846e-03,
              -6.64123828e-02, -6.64123828e-02, -9.35418144e-02, -9.35418144e-02,
              -9.35418144e-02,  2.45817011e-02, -5.72480131e-02, -5.72480131e-02,
              -5.72480131e-02, -5.72480131e-02, -6.41233692e-02, -5.10995159e-02,
               2.28196823e-01, -2.67106236e-02, -5.90863169e-02,  3.97449194e-02,
              -3.78482879e-02, -7.22950042e-02, -7.22950042e-02,  1.96783310e-01,
               1.88970572e-01,  1.50231302e-01,  6.81452154e-02,  1.15889490e-01,
               6.70241712e-02,  3.29395354e-01,  3.35378520e-01,  2.89342276e-01,
              -2.34843572e-02,  9.67222373e-02, -2.61076470e-02,  1.98777578e-01,
              -2.54849412e-01,  6.50331001e-02, -6.86135967e-02, -6.86135967e-02,
              -6.86135967e-02, -6.86135967e-02,  6.31879970e-03, -1.72335037e-01,
              -1.33922704e-01, -2.22106059e-02,  1.40586221e-02,  1.40586221e-02,
               1.40586221e-02,  1.40586221e-02,  1.40586221e-02,  1.40586221e-02,
               1.40586221e-02,  1.40586221e-02,  1.40586221e-02,  1.40586221e-02,
               1.40586221e-02,  1.40586221e-02,  1.40586221e-02,  1.40586221e-02,
               1.40586221e-02,  1.40586221e-02,  1.40586221e-02,  1.40586221e-02,
               1.40586221e-02, -6.36765835e-02, -2.25606906e-01, -1.53149056e-01,
               1.06651020e-01, -4.73199713e-01,  1.15968223e+00,  5.21888060e-01,
               1.96907191e+00,  2.46239796e+00,  2.81595615e-01, -5.03682705e-01,
              -4.42334982e-01,  3.05561152e-01,  4.81348005e-01,  3.38974270e-02,
              -2.44917366e-01,  8.53768111e-02, -1.35784078e-01,  3.82961202e-01,
              -7.83451241e-01, -2.65347046e-01, -2.70716947e-01,  1.92025024e-01,
               1.49134305e-01, -2.22974753e-02,  4.06432536e-01,  5.85224615e-01,
              -9.67102517e-01, -9.67102517e-01, -3.01987756e-01,  2.77333634e-01,
               7.16468470e-01, -3.80634833e-01,  5.06053132e-01, -3.16760856e+00,
               5.79859413e-01, -3.08493746e+00, -1.39531578e-01,  9.53525936e-01,
               7.07068269e-01,  1.22113856e-01,  9.63173901e-02])                ,
       array([ 0.01620623,  0.01620623,  0.01620623,  0.01620623,  0.01620623,
               0.01620623,  0.01620623,  0.01620623, -0.23356369, -0.25564268,
              -0.24779418,  0.06519172, -0.09982715, -0.00645767, -0.00645767,
               0.01016821, -0.11652834, -0.07222349, -0.08700425,  0.00474763,
               0.00474763,  0.00474763,  0.00474763, -0.01656084, -0.01656084,
              -0.01713257, -0.02071409, -0.0483089 ,  0.00223684,  0.00223684,
               0.00152373, -0.1045549 ,  0.01721274,  0.01721274,  0.01721274,
               0.01721274, -0.0163465 , -0.0107985 ,  0.00126262,  0.00126262,
              -0.0031198 , -0.0031198 , -0.0031198 ,  0.0194177 ,  0.00839894,
               0.0156905 , -0.02100498, -0.07109831,  0.01686384, -0.07456516,
              -0.02704834, -0.01640581, -0.03606223,  0.00892068,  0.03341366,
               0.03341366,  0.03341366,  0.03341366, -0.06920468, -0.04468693,
               0.02558107,  0.04804153, -0.09414559, -0.0758716 , -0.02396502,
              -0.00948738, -0.01433061,  0.00598408, -0.01097845, -0.01300548,
              -0.01392053, -0.00174235,  0.0050192 ,  0.01290834, -0.01448119,
               0.00237095, -0.03597248, -0.06466448, -0.02026678, -0.02026678,
              -0.0031168 , -0.0388834 , -0.02823039, -0.01392384,  0.0051744 ,
               0.0051744 ,  0.0051744 , -0.04166965, -0.00652592,  0.00234087,
               0.02100094, -0.02298252, -0.00765133,  0.00261783,  0.00187905,
               0.02195485, -0.01816742,  0.0385153 ,  0.02161905, -0.01196388,
              -0.04719563,  0.00581445,  0.00581445,  0.00581445,  0.00581445,
              -0.12629543, -0.10877632, -0.0742309 , -0.08153394,  0.01539514,
              -0.00887103,  0.02373748, -0.02422232, -0.08312538, -0.0911    ,
              -0.06165067, -0.00626365,  0.04405912, -0.03306834, -0.07758418,
              -0.12525038, -0.02171902,  0.00037459,  0.03283862, -0.08139678,
              -0.03328604, -0.01856799, -0.02199835, -0.00505109,  0.00774376,
               0.00832026, -0.04682691,  0.01460068, -0.01333053, -0.04779126,
               0.00217794,  0.02394913, -0.00435592, -0.0281325 ,  0.00995487,
               0.0108642 , -0.07419667, -0.00972781,  0.02251219, -0.03675724,
              -0.01467205, -0.00535043, -0.00693734,  0.0200328 , -0.04002674,
               0.01437795,  0.02213609, -0.04003179, -0.01277209, -0.02125312,
               0.00815105, -0.03000069, -0.03188515,  0.00126933,  0.00484251,
              -0.02573849, -0.00258102,  0.00292788, -0.03179159,  0.02991209,
               0.01376639, -0.03104248,  0.00251923,  0.0030428 , -0.04233517,
              -0.060389  , -0.08701141,  0.0220813 ,  0.0188636 ,  0.01877634,
               0.00915329, -0.01087244,  0.00149099,  0.01741974,  0.04729402,
               0.01384867, -0.01374328,  0.00165157,  0.0363976 , -0.03972468,
              -0.03365872, -0.01137119,  0.01729102,  0.03889699,  0.01579768,
              -0.02794545, -0.01304477, -0.01488679,  0.02981202, -0.02533229,
              -0.0207959 , -0.01439579,  0.00554319,  0.00593181, -0.02536492,
               0.0041894 , -0.01046524, -0.01687687,  0.03491241, -0.044357  ,
              -0.03405337, -0.03832631,  0.00622952,  0.00187456, -0.04105246,
              -0.00880444,  0.0057863 , -0.01036918,  0.00698627, -0.03512896,
              -0.03565157,  0.01276139,  0.01697711, -0.04803702, -0.03816126,
              -0.00813077,  0.01808335,  0.02502022,  0.01235924, -0.03882136,
              -0.00033891,  0.00738442, -0.03444612,  0.00275608,  0.00679823,
               0.00272938,  0.0055842 , -0.00552709,  0.01320736, -0.05406077,
              -0.09333746, -0.01867001,  0.00977333, -0.01014512,  0.01708753,
               0.01121976, -0.00577137,  0.00795367,  0.02090123, -0.04284737,
              -0.0181102 , -0.0181102 , -0.0181102 ,  0.00228551,  0.00228551,
               0.00228551,  0.00228551,  0.00228551,  0.00228551,  0.00228551,
               0.00228551,  0.00228551,  0.00228551,  0.00228551,  0.00228551,
               0.00228551,  0.00228551,  0.00228551,  0.00228551,  0.00228551,
               0.00228551,  0.00228551,  0.00228551,  0.00228551,  0.00228551,
               0.00228551,  0.00228551, -0.01552266, -0.04002446,  0.0113526 ,
               0.0113526 , -0.01977521,  0.00834483, -0.00111037, -0.01499873,
              -0.00066531, -0.05522835, -0.03811967,  0.01342309,  0.0067904 ,
               0.00736594, -0.10242271, -0.04593229, -0.02058481, -0.0219066 ,
               0.00408555, -0.02124403, -0.00080668, -0.01376759, -0.01826607,
              -0.01819645, -0.01289388, -0.00425597,  0.02458378,  0.01248022,
              -0.03959326, -0.03596612, -0.00713321, -0.00272537])            ,
       array([-4.88597797e-02, -9.06631397e-02, -3.02147316e-02, -3.13186096e-02,
               1.66193796e-02, -3.99047603e-03, -2.88613485e-02,  2.53741098e-02,
              -1.44749807e-02, -3.78762411e-02, -5.05855948e-03, -6.34715882e-02,
              -2.17314091e-02,  5.23361517e-02,  2.61734592e-02, -4.75133784e-03,
               1.60049068e-02,  6.29867183e-02, -5.49151632e-02, -3.21719381e-02,
              -1.35800567e-03, -2.48305067e-01,  3.75619904e-01, -3.19200024e-01,
              -1.95619113e-02,  3.88148778e-02,  4.87533562e-02,  5.46202017e-02,
               2.12278573e-02, -2.29558738e-02,  4.73758364e-04,  4.01475110e-03,
              -3.06485019e-03, -1.94971355e-02, -1.62880214e-02, -4.93738971e-03,
              -1.98471141e-02, -6.54599261e-02,  4.03688359e-02,  1.49881450e-02,
               7.91761486e-02, -6.08877263e-03, -7.91545195e-02, -1.49236707e-01,
               1.04884820e-02,  4.30493074e-02, -3.21195407e-02,  1.11410337e-02,
               8.29150396e-02, -5.66742701e-02, -2.78685374e-02, -5.01563975e-03,
               1.06792169e-02, -2.38135287e-03,  1.95385060e-01,  6.19815199e-02,
               6.36194555e-02, -1.18575883e-02, -1.28712256e-01, -1.54216368e-01,
              -6.61270134e-02, -1.82954780e-02, -3.72528545e-02, -7.12752652e-02,
              -9.23109364e-02, -5.63413154e-02, -1.36914366e-03, -1.97061550e-02,
              -1.59954082e-02,  2.92535771e-02, -1.51053334e-01,  3.19179047e-02,
              -7.26133835e-02, -6.28747448e-02, -1.79098352e-02, -9.11362014e-03,
              -2.45931848e-02, -7.34265550e-02, -7.58963251e-02, -1.39351511e-02,
               1.34693956e-02,  2.26948436e-02, -8.59950227e-03, -3.73515908e-02,
              -2.83904696e-02, -2.04527998e-02,  6.16250016e-04, -2.20006927e-02,
               1.70240021e-02,  1.78762434e-03,  2.87171362e-03,  1.38178072e-01,
               2.51859840e-02, -1.89972703e-02, -1.77175123e-01, -7.03178484e-01,
              -3.23304016e-01,  6.94381412e-02,  2.48326731e-02, -2.87744878e-02,
              -2.65037892e-02, -7.11368304e-03, -7.02832919e-03, -3.39814303e-02,
              -3.54362605e-02, -2.40415214e-02, -3.02008269e-02, -1.59138916e-02,
              -2.77985809e-02, -2.71360157e-02, -8.99779079e-02,  3.42293105e-02,
              -1.06701531e-02, -9.58320281e-03,  1.21849857e-02,  8.03121410e-02,
              -2.80414738e-02, -2.64707722e-02, -3.02949586e-02, -3.86071839e-02,
               8.75806994e-04, -4.53559397e-02, -1.77914141e-02, -2.85684249e-03,
              -1.58458395e-02, -2.25330038e-02, -1.36705084e-02, -1.62301703e-02,
              -1.17113514e-02, -3.20522709e-02, -6.37482836e-03,  1.85633466e-03,
              -1.75309105e-02])                                                  ,
       array([-4.65396507e-02,  1.13100423e-01,  1.21503012e-02, -7.00385435e-02,
              -4.49875259e-02,  4.14284802e-02, -1.18944373e-01,  5.66934355e-02,
              -1.66201710e-01, -1.73641435e-02, -3.34252111e-02, -3.67069435e-02,
              -4.12876796e-02, -5.21421623e-02,  4.53645073e-03, -3.50611692e-02,
               4.90946714e-03, -6.65973907e-02, -6.81754038e-02, -6.67058314e-02,
              -1.01533064e-01,  3.82116948e-02, -6.82720106e-04,  8.37619220e-02,
              -1.06815347e-01, -6.21484603e-02, -5.23705133e-01,  3.02216581e-01,
               7.80322313e-02,  5.65271139e-02, -1.58581973e-02,  4.34968466e-03,
               3.92123818e-02,  7.81432385e-03,  4.01913285e-02, -8.91717678e-03,
               4.92429452e-02,  1.47966118e-01,  2.34478326e-01, -1.39557509e-01,
               2.58460096e-01, -1.41196438e-01,  1.52812771e-01, -2.04092020e-01,
               5.04248201e-02,  2.27633482e-01,  2.43147833e-01,  1.63503988e-01,
              -8.32693688e-04, -4.15880458e-01,  2.23098500e-01, -7.21115042e-02,
              -4.80341650e-01,  3.88065599e-01,  6.13947414e-01, -6.10243735e-01,
               5.56961361e-01,  5.94821603e-02, -9.65205271e-01,  8.55019968e-01,
              -3.13363463e-02,  1.44511184e-01,  1.91447347e-02,  5.01329129e-01,
              -7.99844811e-02,  2.24218365e-01,  1.09257663e-02,  3.43216062e-01,
               1.89452530e-01,  8.00601251e-02,  1.20191773e-01,  1.44797270e-01,
               1.97872345e-01, -4.78690387e-03, -4.75708795e-02,  1.71265333e-01,
               3.73199670e-01, -4.09231654e-01,  3.31112155e-01, -3.97085270e-03,
               1.28336739e-01, -1.03333402e-01, -6.61544854e-03,  3.71671152e-01,
               1.56362306e-01,  1.51635520e-02,  1.90377604e-01,  8.36751573e-02,
              -4.10174203e-03, -9.41246636e-02, -1.12270225e-01, -1.23848523e+00,
              -5.95795085e-02,  5.15720278e-02, -8.97746652e-02,  8.19147259e-02,
              -5.09106033e-01, -8.56102801e-02, -5.99325665e-03, -2.04304228e-01,
              -4.77147589e-01,  2.10665991e-01, -5.78841001e-02,  7.35350817e-02,
              -7.12580711e-02,  1.22695801e-01, -4.12656099e-02,  8.28319440e-02,
               2.51487146e-02, -8.18446030e-02,  4.34015244e-02, -3.10484404e-02,
              -4.22867770e-02,  5.99726205e-02,  6.65561408e-02, -1.27707272e-02,
               6.76235408e-02, -1.08515834e-01,  9.81083022e-03,  7.69887220e-02,
              -1.92074036e-01,  4.62759476e-02, -2.68692035e-02, -1.19369287e-02,
              -1.15036752e-01, -6.92541856e-02,  4.58311778e-02, -2.11218621e-01,
               4.71987467e-02, -2.31136937e-02,  4.43599563e-02, -8.36270709e-02,
              -7.58372206e-02, -2.62292788e-01, -3.16845105e-01, -5.29247091e-01,
              -8.96390881e-01, -4.99536517e-02, -4.57958701e-02,  8.56880424e-02,
              -1.28235173e-01, -4.75621941e-02,  7.66636607e-02, -2.06496241e-02,
               5.15990731e-02,  3.65721163e-02, -1.34839398e-01, -2.78180662e-02,
               1.65001330e-02,  7.21858320e-02,  2.46322927e-02,  2.43200836e-02,
               3.64419994e-02,  1.78584096e-02,  5.62738416e-02,  2.66249813e-02,
               5.82049526e-02,  3.70345749e-02,  2.92199609e-02,  3.00188221e-02,
               4.13732685e-02,  8.75518478e-02,  9.68142507e-02, -2.44243025e-02,
              -2.38120436e-02, -1.53702378e-02, -1.07229829e-02,  1.60423041e-02,
               2.88081202e-04, -1.01069688e-02, -1.78238630e-02,  8.93589460e-03,
              -4.23827509e-02,  1.95660254e-02, -6.09326700e-02,  4.56739327e-02,
               4.86087223e-02,  1.73691645e-02, -2.64814958e-02,  3.31295874e-03,
              -1.14812995e-02, -1.71926166e-02, -4.99786391e-03, -3.34934141e-02,
               3.55822300e-02])                                                  ,
       array([ 2.16089923e-03,  2.16089923e-03,  2.16089923e-03, -4.86468947e-02,
              -4.30302298e-02, -5.08893550e-02, -2.90759623e-02, -5.92812430e-03,
              -5.92812430e-03, -5.92812430e-03, -5.92812430e-03, -5.92812430e-03,
              -5.92812430e-03, -5.92812430e-03, -5.92812430e-03, -5.92812430e-03,
              -5.92812430e-03, -5.69133522e-03, -5.69133522e-03, -5.69133522e-03,
              -5.69133522e-03, -5.69133522e-03, -5.69133522e-03, -5.69133522e-03,
              -5.69133522e-03, -1.07467985e-02, -1.07467985e-02, -1.07467985e-02,
              -1.07467985e-02, -4.38626623e-02, -4.87034846e-02, -3.40889382e-03,
              -3.40889382e-03, -3.40889382e-03, -3.40889382e-03, -3.40889382e-03,
              -3.40889382e-03, -3.40889382e-03, -3.40889382e-03, -2.79505964e-03,
              -2.79505964e-03, -4.31140180e-03, -2.16558766e-02, -1.48264956e-02,
              -4.39663645e-03, -3.26041770e-02, -5.91541061e-02, -1.56558284e-02,
              -2.90883311e-02, -4.04035098e-02, -4.27795893e-02, -6.81114940e-03,
              -6.81114940e-03, -6.81114940e-03, -6.81114940e-03, -6.81114940e-03,
              -6.81114940e-03, -6.81114940e-03, -6.81114940e-03, -6.81114940e-03,
              -6.81114940e-03, -6.81114940e-03, -6.81114940e-03, -6.81114940e-03,
              -6.81114940e-03, -2.44383759e-02, -2.44383759e-02, -1.83149874e-02,
              -1.58907473e-02, -3.78850996e-02, -1.11857055e-03, -1.42702162e-02,
              -1.42702162e-02, -2.49670941e-03, -1.53565307e-02, -4.76372143e-02,
              -8.27139261e-02,  1.00523589e-02, -1.51832940e-02,  9.27153803e-03,
               9.27153803e-03,  7.49242077e-04,  7.49242077e-04,  7.49242077e-04,
               7.49242077e-04,  7.49242077e-04,  7.49242077e-04,  7.49242077e-04,
               7.49242077e-04, -6.66469861e-02, -7.78642543e-03, -7.78642543e-03,
              -7.78642543e-03, -7.78642543e-03, -7.78642543e-03, -7.78642543e-03,
              -7.78642543e-03, -7.78642543e-03,  4.50623667e-02,  4.15681040e-02,
              -9.06318076e-03, -9.06318076e-03, -4.86206934e-02, -1.07474320e-01,
               1.37254087e-01,  1.23002855e-01, -5.48605049e-02, -3.16678449e-02,
              -8.58510496e-03, -8.58510496e-03, -8.58510496e-03, -8.58510496e-03,
              -8.58510496e-03, -8.58510496e-03, -8.58510496e-03, -8.58510496e-03,
              -8.58510496e-03, -8.58510496e-03, -8.58510496e-03, -8.58510496e-03,
              -8.58510496e-03, -8.58510496e-03, -8.58510496e-03, -8.58510496e-03,
              -8.58510496e-03, -8.58510496e-03, -8.58510496e-03, -8.58510496e-03,
              -8.58510496e-03, -9.29004229e-03, -9.29004229e-03, -1.10166696e-02,
              -1.10166696e-02, -4.02659453e-03, -4.02659453e-03, -2.19478039e-02,
              -1.94119839e-02, -1.85033707e-02, -2.40947632e-02, -1.20863381e-01,
              -5.22417105e-03,  1.15593048e-02,  1.15593048e-02,  1.15593048e-02,
               1.15593048e-02, -5.15847889e-03, -5.15847889e-03, -5.15847889e-03,
              -5.15847889e-03, -5.15847889e-03, -5.15847889e-03, -5.15847889e-03,
              -5.15847889e-03, -5.15847889e-03, -5.15847889e-03, -5.15847889e-03,
              -5.15847889e-03, -5.15847889e-03, -5.15847889e-03, -5.15847889e-03,
              -5.15847889e-03, -5.15847889e-03, -5.15847889e-03, -5.15847889e-03,
              -2.62608604e-03, -2.62608604e-03, -2.62608604e-03, -2.62608604e-03,
               1.95040797e-02,  1.95040797e-02,  1.95040797e-02,  1.95040797e-02,
               1.95040797e-02,  1.95040797e-02,  1.95040797e-02, -2.35841299e-01,
              -1.27119089e-01, -3.35729368e-02,  3.35006638e-03,  3.35006638e-03,
              -4.71777447e-02, -3.68361004e-02,  1.43046769e-02,  1.43046769e-02,
               1.23714201e-02,  1.23714201e-02, -5.21308191e-02, -4.87324325e-02,
              -7.79378682e-02, -1.09267977e-01, -2.50467786e-01, -1.53327073e-02,
              -1.25178632e-02, -7.33732518e-02, -5.25614557e-02,  1.19989577e-02,
               2.97355516e-02,  2.97355516e-02, -2.17928185e-04,  1.85353563e-02,
               1.85353563e-02,  1.85353563e-02,  1.85353563e-02, -7.64693940e-03,
              -7.64693940e-03, -7.64693940e-03, -7.64693940e-03, -7.64693940e-03,
              -1.29118468e-02, -1.29118468e-02, -1.29118468e-02, -1.29118468e-02,
              -2.17653300e-02, -1.57462695e-01, -4.10214450e-02, -3.19911029e-02,
              -2.75596167e-02, -4.09531320e-03, -4.09531320e-03, -4.09531320e-03,
              -4.09531320e-03, -4.09531320e-03, -4.09531320e-03, -4.09531320e-03,
              -2.74270958e-02, -2.74270958e-02, -1.62086603e-02, -1.62086603e-02,
              -1.62086603e-02, -1.62086603e-02, -1.62086603e-02, -4.92203209e-03,
              -4.92203209e-03, -4.92203209e-03, -4.92203209e-03, -4.92203209e-03,
              -4.05313092e-02, -4.56177311e-02, -3.11442929e-02, -2.37242864e-02,
              -2.37242864e-02, -2.37242864e-02, -1.05961233e-02, -1.05961233e-02,
              -1.05961233e-02, -1.05961233e-02, -4.36386160e-03, -1.26617818e-02,
              -4.89315085e-03, -4.89315085e-03, -6.57491577e-03, -6.57491577e-03,
              -2.39549149e-02, -9.77492762e-03, -9.77492762e-03, -9.77492762e-03,
              -9.77492762e-03, -9.77492762e-03, -9.77492762e-03, -9.77492762e-03,
              -4.49908655e-02, -3.19170700e-02, -2.43153320e-02, -7.92429308e-03,
              -7.92429308e-03, -2.39304052e-02, -7.91058402e-03, -7.91058402e-03,
              -7.91058402e-03, -7.91058402e-03, -7.91058402e-03, -7.91058402e-03,
              -7.91058402e-03, -3.19909400e-02, -5.92511356e-03, -1.60557574e-02,
              -1.60557574e-02, -1.12828320e-02, -1.12828320e-02, -1.12828320e-02,
              -1.12828320e-02, -1.12828320e-02, -1.45092917e-02, -1.53828574e-02,
              -1.17348147e-02, -1.00449038e-02, -3.45904357e-03, -3.45904357e-03,
              -3.45904357e-03, -3.45904357e-03, -3.45904357e-03, -9.49316350e-03,
              -9.49316350e-03, -9.49316350e-03, -8.70749481e-03, -3.86781407e-02,
              -2.73439414e-03, -2.73439414e-03, -1.07011250e-02, -1.07011250e-02,
              -7.90709770e-03, -4.40089158e-02, -8.56433825e-03, -8.56433825e-03,
              -8.56433825e-03,  5.56856448e-03,  5.56856448e-03, -1.76624650e-02,
              -6.48480450e-02, -4.79598153e-02,  2.26857988e-02, -3.03165587e-02,
              -2.87203463e-02, -7.95967601e-04, -7.95967601e-04, -7.95967601e-04,
              -1.32682713e-02, -2.07547269e-03, -6.31848198e-04, -6.31848198e-04,
              -3.12418135e-02, -2.12188316e-03, -2.12188316e-03, -2.12188316e-03,
              -2.12188316e-03, -2.12188316e-03, -2.12188316e-03, -1.73933879e-02,
              -2.71470919e-02, -3.74098197e-02, -5.74522311e-03, -5.74522311e-03,
              -5.11150653e-03, -5.11150653e-03, -1.39596650e-02, -1.39596650e-02,
              -1.55940244e-02, -2.14462468e-02, -6.43959234e-02, -3.69860837e-02,
              -2.32136915e-02, -2.77064512e-02, -1.77270864e-03, -1.77270864e-03,
              -4.22337720e-02, -5.78136193e-04,  2.07112910e-03,  2.07112910e-03,
               2.07112910e-03,  2.07112910e-03,  2.07112910e-03,  2.07112910e-03,
              -3.15723891e-02, -8.60968108e-02, -5.56962962e-02, -6.11895794e-02,
               2.36470752e-03, -8.66763539e-03, -8.66763539e-03, -9.62240844e-03,
              -4.59635988e-02, -2.99607053e-02,  1.05499491e-02, -3.74577776e-02,
              -3.51636266e-02, -6.57684659e-02, -2.72881841e-02, -4.72730651e-02,
              -4.54689318e-02, -1.47522034e-03, -1.47522034e-03, -1.47522034e-03,
              -1.47522034e-03, -1.69499458e-03, -1.69499458e-03, -1.69499458e-03,
              -1.69499458e-03, -1.69499458e-03, -1.69499458e-03, -4.35777248e-03,
              -4.35777248e-03, -4.35777248e-03, -4.35777248e-03, -8.66076117e-03,
              -8.66076117e-03, -8.66076117e-03,  3.33069995e-03,  3.33069995e-03,
               7.31682017e-03, -6.22106358e-03, -1.11228304e-02, -1.50443392e-02,
              -1.18093964e-02, -1.18093964e-02, -1.75687006e-02, -1.75687006e-02,
              -1.91505123e-02, -1.91505123e-02, -5.29810936e-03, -5.29810936e-03,
              -5.29810936e-03, -5.29810936e-03, -4.65943530e-02, -1.18705780e-03,
              -1.18705780e-03, -5.21418602e-03, -5.21418602e-03, -1.65395056e-02,
              -1.65395056e-02, -5.86997782e-02, -2.54181340e-02, -2.33860568e-02,
              -1.90029697e-02, -2.88470344e-02, -2.64423446e-02, -1.15936559e-03,
              -6.16091054e-03,  3.41445643e-03, -9.26178258e-03, -4.59356860e-02,
              -1.63188533e-02, -5.62940196e-02, -2.72803859e-02,  6.04159075e-03,
               6.04159075e-03,  6.04159075e-03,  6.04159075e-03,  6.54195133e-04,
               6.54195133e-04,  6.54195133e-04,  6.54195133e-04,  6.54195133e-04,
               6.54195133e-04,  6.54195133e-04,  6.54195133e-04,  6.54195133e-04,
               6.54195133e-04,  6.54195133e-04,  6.54195133e-04,  6.54195133e-04,
              -4.29609088e-02, -3.95281581e-02, -5.20611849e-03, -5.20611849e-03,
              -6.95539561e-03, -1.14295587e-02, -2.80669094e-03, -2.80669094e-03,
              -1.69575489e-02, -2.95880115e-02,  1.77612825e-02,  8.27841350e-04,
              -2.62543635e-02, -2.10760979e-02, -3.11659722e-02, -9.15850682e-03,
              -9.15850682e-03, -3.73155026e-02, -4.00504803e-02, -1.56134620e-03,
              -1.56134620e-03, -1.28809835e-02, -5.84189321e-02,  3.06262887e-03,
               3.06262887e-03, -2.16523179e-02, -1.67165376e-01, -5.03977307e-02,
              -6.60289296e-02, -3.75047692e-02, -1.28168602e-03, -1.28168602e-03,
              -1.28168602e-03, -1.28168602e-03,  1.13491819e-04, -3.22313263e-02,
              -2.53698780e-02, -1.43761827e-04, -3.28108027e-02, -1.97027373e-02,
              -2.67202132e-03,  3.49430395e-02, -7.79286074e-02, -9.16784453e-02,
              -1.66071104e-02,  2.20770193e-02, -2.55743470e-03, -2.55743470e-03,
              -4.82217278e-03, -4.82217278e-03, -1.09932324e-02, -1.09932324e-02,
              -1.15966698e-02, -2.77223488e-02,  1.40047172e-02])                ,
       array([-0.0124168 , -0.01535697,  0.00145607, -0.01930876, -0.00751157,
              -0.02248283, -0.01740737, -0.00779624, -0.01551644, -0.01724831,
              -0.01116291, -0.01342169,  0.01822442, -0.0176819 , -0.00524996,
              -0.02367542, -0.02190564, -0.01804287, -0.02741939, -0.00336964,
              -0.02128902, -0.01900831, -0.02984337, -0.00686316,  0.00284191,
               0.0090055 , -0.01467105, -0.02562162, -0.03136035,  0.10295863,
              -0.01394598, -0.01504795,  0.00622566,  0.0181485 , -0.01856379,
              -0.00301699,  0.00460453, -0.01566915, -0.01394475, -0.00062383,
              -0.01196778,  0.06943531,  0.0683807 , -0.0036713 , -0.07940711,
               0.04075014,  0.04208182, -0.02987767, -0.05631138, -0.01816202,
              -0.00963778, -0.08260865, -0.04082293, -0.02702183, -0.02305097,
              -0.01710481,  0.02103691, -0.01531572, -0.02539213,  0.00954191,
              -0.02817662, -0.01645946,  0.01666763,  0.01511553, -0.02710856,
              -0.02820481, -0.00319566, -0.12210142,  0.05145855, -0.02402382,
              -0.0870481 , -0.07777791, -0.01028614, -0.04545288, -0.01870255,
              -0.02394347, -0.00651293, -0.00242617, -0.01469662, -0.04239013,
               0.00053427, -0.00742271, -0.01170614, -0.0163286 , -0.02656391,
              -0.0968689 , -0.00340262, -0.08346445, -0.02217991, -0.03081543,
              -0.05306221, -0.06648947, -0.0951574 , -0.06261302, -0.04376079,
              -0.06371225,  0.06143843, -0.05085768, -0.03580011, -0.01906581,
              -0.05527873, -0.20485134,  0.0135992 , -0.07331323, -0.0437889 ,
               0.01961446, -0.00404031, -0.06100949, -0.1465145 , -0.07564815,
              -0.05548414, -0.03044597, -0.18095771,  0.08545534, -0.14573343,
               0.03804843,  0.10378401, -0.01434715, -0.0180865 , -0.00456287,
              -0.02766707, -0.04258396, -0.04253056, -0.02418274, -0.04788488,
              -0.02871913, -0.01656911, -0.02302072, -0.01425479, -0.10020039,
              -0.02857754, -0.03584807,  0.00462641, -0.04941784, -0.03910949,
              -0.00282457, -0.02969887, -0.03032051, -0.02394352, -0.01350556,
              -0.02104888, -0.02398524, -0.03459992, -0.04051174, -0.02392544,
              -0.01185304, -0.02655822, -0.01985079, -0.0239721 , -0.0201492 ,
              -0.02150723, -0.0146666 , -0.008637  , -0.01036887])            ,
       array([-5.83330705e-03, -7.15843828e-02, -5.07473142e-02,  5.12751029e-03,
              -1.58861072e-02,  7.31440471e-03, -1.34761722e-02, -6.52363689e-02,
              -6.67328097e-02,  3.13480118e-03, -6.23809554e-02, -1.02605984e-01,
               2.21680663e-02, -4.70911004e-02, -2.40359088e-03, -2.55368688e-02,
              -4.86092307e-02, -2.43562650e-02, -2.72554349e-02, -4.82429975e-03,
              -5.56180789e-03, -1.95997913e-04, -3.39891310e-03, -1.22482955e-02,
               7.82630265e-02,  1.19383157e-02,  1.85607080e-03, -5.71460902e-02,
              -7.73220241e-02, -1.22477948e-02, -1.28433644e-02, -4.62162435e-02,
              -2.90415227e-02, -2.57866323e-02, -1.64143447e-02, -3.58540420e-02,
              -3.44621543e-02, -3.67547874e-02, -1.16710547e-02, -2.76646499e-02,
              -2.78332118e-02, -2.89561633e-02, -1.26146117e-03, -1.23520577e-02,
              -2.83868992e-02, -1.19856083e-02, -1.10398018e-02, -1.93987572e-02,
              -1.10760891e-02, -5.09893535e-03, -2.85383427e-02, -2.61317456e-02,
              -3.08787464e-03,  4.91962456e-02, -8.34465004e-02, -2.37424350e-02,
              -1.84786296e-02, -6.96418052e-03, -6.41941762e-02, -2.44140363e-02,
               1.52855181e-02, -4.51814867e-02, -1.59221864e-02,  2.22746923e-01,
               3.90264534e-02, -1.33136079e-01,  2.23819756e-02,  1.12636759e-01,
              -1.32830784e-01, -1.03381321e-01, -2.42056108e-02,  6.02990659e-02,
               9.55357867e-03, -2.58061118e-04,  1.80185244e-02, -1.26840666e-02,
               1.02298662e-02, -1.13727644e-02,  5.73844165e-03,  6.39316484e-02,
               3.68264760e-02,  1.28887738e-02, -3.50009357e-02, -7.89875987e-02,
               6.75153730e-02, -1.10266211e-02,  1.19072991e-02,  5.49256402e-02,
              -5.97641868e-02, -3.78554267e-02, -2.32823380e-02, -5.95884405e-03,
              -1.04461201e-02, -1.77326687e-02, -1.88025721e-02, -9.49900232e-03,
              -1.23581179e-02, -1.82875880e-02, -9.25497453e-02, -1.26246851e-02,
              -4.85405367e-02, -2.54959275e-03, -2.21611103e-02, -2.15154728e-02,
              -1.69633469e-02,  4.72362744e-04, -2.85617551e-02, -2.02628812e-02,
              -8.69481175e-03,  1.41227855e-02, -3.10718404e-02, -2.24957443e-02,
              -2.89692061e-02, -3.51652282e-02,  6.40519687e-03, -3.29100268e-02,
              -6.54713086e-03,  4.47782108e-03, -1.92314761e-02, -4.37275546e-02,
              -3.80069392e-02, -5.26729993e-03, -8.55318478e-03, -2.29835885e-02,
              -5.54004090e-02, -2.30403321e-02, -1.55233421e-01,  7.42882771e-02,
              -7.38087612e-02, -6.54295402e-02, -6.73287826e-02, -9.15246364e-05,
               1.07593771e-01, -1.47961382e-01, -2.15459112e-01,  3.34031545e-02,
              -2.53724817e-01,  6.57670461e-02, -3.72323239e-01,  2.88236502e-02,
               7.78715971e-02, -1.09079404e-01, -1.42430342e-02])                ,
       array([ 2.89619332e-03,  2.89619332e-03,  2.89619332e-03,  2.89619332e-03,
               9.20978978e-03,  9.20978978e-03,  9.20978978e-03,  9.20978978e-03,
              -2.35362868e-02, -1.49217467e-02, -5.58095794e-02,  1.27476382e-02,
               1.27476382e-02,  1.27476382e-02,  1.27476382e-02, -2.69771343e-03,
              -9.25040966e-03, -8.65865474e-03, -3.71576076e-03, -7.50307168e-03,
              -1.95602502e-03,  2.99966410e-03, -2.00378821e-03, -1.49236910e-02,
              -9.47581204e-02, -1.87341585e-02,  9.49483971e-03,  2.35615359e-02,
               1.41917269e-04,  1.20237967e-02,  1.20237967e-02, -4.63329653e-02,
              -1.03291641e-01,  1.40207112e-02, -1.33282870e-01,  4.86097634e-02,
               1.07702621e-01,  1.07702621e-01, -1.86488501e-01, -1.17587439e-01,
               8.45387461e-02,  8.45387461e-02,  8.45387461e-02, -9.40593672e-02,
               2.01331716e-01,  4.44162469e-01, -3.60073042e-02,  1.18309069e-02,
               3.63317342e-02, -3.11898379e-02,  1.32857175e-02, -1.03906779e-02,
              -9.17592515e-04, -1.23387961e-02,  3.15912677e-03, -7.15819882e-03,
               1.18750941e-02,  1.18750941e-02,  1.18750941e-02,  1.18750941e-02,
              -6.48795436e-04, -6.48795436e-04, -2.56377346e-03, -2.56377346e-03,
              -2.06466306e-02, -1.46465886e-02,  1.48300045e-03,  1.48300045e-03,
               1.48300045e-03,  1.48300045e-03,  1.48300045e-03, -9.22064658e-04,
              -3.49792050e-02,  8.85858071e-03,  8.85858071e-03,  8.15846456e-03,
               8.15846456e-03,  3.81519330e-03, -1.25484275e-02,  6.37862651e-03,
               6.37862651e-03,  6.37862651e-03,  6.37862651e-03, -1.04993442e-03,
              -1.04993442e-03, -1.04993442e-03, -1.04993442e-03, -2.19184021e-03,
              -2.76139365e-02, -2.10820235e-04, -1.06162739e-02, -9.80040550e-03,
              -1.12578583e-02, -4.68561173e-03,  6.34327411e-03,  6.34327411e-03,
               6.34327411e-03, -2.83490133e-02, -1.12292467e-02, -1.12292467e-02,
              -8.10429441e-03, -8.10429441e-03, -1.67533742e-03, -1.67533742e-03,
              -1.67533742e-03, -1.67533742e-03, -1.67533742e-03, -1.14412060e-03,
              -7.76107063e-03, -6.82980766e-03, -1.30625462e-02, -8.59806443e-04,
              -2.04280034e-02,  2.80731767e-03,  4.73270664e-03,  4.73270664e-03,
               4.73270664e-03, -3.29225197e-02, -3.79731697e-03, -3.79731697e-03,
              -3.79731697e-03, -3.79731697e-03, -8.84523433e-03, -8.84523433e-03,
              -1.24281887e-02, -1.24281887e-02, -2.73362440e-03, -2.73362440e-03,
              -6.03548330e-03, -1.88924436e-02, -1.20374326e-02,  1.42241110e-02,
               1.42241110e-02,  1.42241110e-02,  1.42241110e-02,  1.42241110e-02,
              -3.07089118e-02, -3.98241309e-02, -2.48730456e-03, -2.48730456e-03,
              -5.33716157e-03, -5.33716157e-03, -5.33716157e-03, -2.53001422e-02,
              -1.02368564e-02, -4.05722827e-02, -3.77841478e-02,  2.32424254e-02,
              -1.10238081e-02, -1.65864680e-03, -1.65864680e-03, -1.62872956e-02,
              -1.25679228e-03, -1.25679228e-03, -2.65249464e-03, -2.65249464e-03,
               3.90139368e-03,  3.90139368e-03,  3.90139368e-03,  3.90139368e-03,
              -2.09401999e-02,  1.22462174e-03,  1.80769211e-02,  1.80769211e-02,
              -2.71579975e-02, -3.44676886e-02,  1.47534272e-03,  1.47534272e-03,
               1.32764266e-02,  1.32764266e-02, -1.26046254e-02, -1.72049914e-02,
               3.04937912e-03,  3.04937912e-03,  3.04937912e-03,  3.04937912e-03,
              -2.32014045e-02,  9.80915161e-04, -3.18839000e-03, -1.31108944e-02,
              -1.83518116e-02, -1.83406219e-02, -1.96436589e-02, -1.32564251e-02,
              -5.71313247e-02, -4.93768301e-03, -6.11594763e-03, -1.40749230e-02,
              -1.40749230e-02, -1.40749230e-02, -1.40749230e-02, -1.40749230e-02,
              -1.40749230e-02, -1.40749230e-02, -1.40749230e-02,  7.66069339e-04,
               7.66069339e-04, -1.93909500e-02, -1.93909500e-02, -1.93909500e-02,
              -5.17777615e-02, -3.38996208e-02, -3.36480892e-02,  1.80570718e-03,
              -1.15256266e-02, -3.78484683e-02, -5.47885462e-03, -1.37925899e-02,
              -1.37925899e-02, -4.62430275e-02, -4.53498320e-02, -4.08384757e-02,
              -9.97080760e-02, -2.22218620e-03,  1.26403512e-02, -9.99487697e-02,
              -1.77569753e-01, -3.67144718e-01,  6.71866994e-02,  5.24370135e-02,
               3.13293399e-02,  2.92844237e-02, -1.03554334e-01, -1.43150895e-02,
              -1.43150895e-02, -1.43150895e-02, -1.43150895e-02, -1.43150895e-02,
              -1.43150895e-02, -1.43150895e-02,  4.75469564e-03,  4.75469564e-03,
              -7.36571219e-02, -1.08441598e-01,  6.26561576e-02, -5.81018991e-02,
               3.82977827e-03,  9.79524954e-03,  9.79524954e-03,  7.04224716e-02,
              -1.22133390e-03, -1.22133390e-03, -1.22133390e-03, -1.22133390e-03,
               9.19677864e-02,  1.99466318e-01, -4.41278517e-02, -2.01751291e-02,
              -1.78570806e-02, -7.88207113e-02, -2.65351990e-02, -2.65351990e-02,
              -2.65351990e-02,  1.70173734e-01,  1.22439467e-01, -1.19668878e-01,
               5.36479555e-01, -4.01963365e-02,  3.89367305e-01, -1.32575787e-01,
              -1.30345382e-01, -1.30345382e-01, -4.36324251e-02, -1.13210596e-01,
              -7.59815347e-02, -3.58086327e-02, -3.58086327e-02,  1.06932162e-02,
               1.06932162e-02, -1.51518346e-02, -1.51518346e-02, -1.76318647e-02,
              -1.76318647e-02, -1.76318647e-02, -1.76318647e-02, -1.76318647e-02,
              -1.76318647e-02, -2.88855395e-02, -2.05598529e-01, -2.96460948e-02,
              -1.82998000e-02, -1.82998000e-02, -1.82998000e-02,  1.40693365e-01,
              -7.82249751e-01, -6.75342697e-02,  5.08715492e-02, -2.88441165e-01,
              -2.50525309e-02, -2.89513899e-02, -2.89513899e-02,  1.10603736e-02,
               1.10603736e-02, -1.32165686e-03, -1.32165686e-03, -1.22103645e-02,
              -1.22103645e-02, -1.22103645e-02, -1.22103645e-02, -1.22103645e-02,
               7.46448554e-04, -3.53553695e-02, -1.90656585e-02, -1.35167045e-02,
              -1.97688767e-03, -1.97688767e-03, -1.84435052e-02, -4.19768495e-02,
              -4.32135267e-02, -4.25973736e-02, -7.80344037e-03, -7.80344037e-03,
              -3.34007743e-02, -2.16837902e-02, -2.16837902e-02, -2.42281933e-02,
              -2.42281933e-02, -1.08189364e-02, -1.08189364e-02, -2.67171640e-02,
              -2.83174296e-02, -6.30963172e-02, -1.80715646e-02, -2.82148447e-02,
              -1.57419767e-02, -1.57419767e-02, -8.57359628e-03, -1.31088952e-03,
              -3.91858266e-02, -2.92539444e-02, -1.36266594e-02, -1.36266594e-02,
              -1.36266594e-02, -1.36266594e-02, -1.66483764e-02, -1.66483764e-02,
              -1.66483764e-02, -1.66483764e-02, -1.66483764e-02, -1.66483764e-02,
              -2.05024865e-02, -3.17358162e-02, -2.11362030e-02, -1.11126091e-02,
               2.66721839e-03, -6.06782139e-02, -1.55632198e-02, -1.55632198e-02,
               6.04318573e-03,  6.04318573e-03,  6.04318573e-03, -1.22980040e-02,
              -1.22980040e-02, -1.22980040e-02, -1.22980040e-02, -1.22980040e-02,
              -1.22980040e-02, -1.22980040e-02, -1.22980040e-02, -1.22980040e-02,
              -1.22980040e-02, -1.22980040e-02, -4.18057328e-02, -4.18057328e-02,
              -7.65325909e-02, -4.74369412e-02, -4.14352303e-02,  9.61656685e-02,
               2.57902260e-02,  2.71325226e-02, -8.42759733e-02,  1.25797021e-01,
              -2.21607809e-02, -2.21607809e-02,  1.27285826e-01,  5.35846134e-03,
               5.35846134e-03, -1.82652096e-03, -1.61311589e-02, -7.44788609e-02,
              -1.79488621e-02, -1.79488621e-02, -1.52702055e-02,  1.74465456e-02,
               3.95422258e-02, -1.03247138e-01, -1.05439993e-01, -1.33985243e-02]),
       array([-5.15608182e-03, -5.15608182e-03, -3.24397503e-02, -3.24397503e-02,
               5.69526733e-03,  5.69526733e-03, -5.49300133e-03, -5.49300133e-03,
              -3.21042159e-03, -3.21042159e-03, -5.14429770e-02, -4.38839252e-02,
              -4.38839252e-02, -1.29556781e-01, -8.51778926e-02,  1.25579892e-02,
               1.25579892e-02,  1.25579892e-02, -3.15285863e-02, -3.15285863e-02,
              -2.39578427e-02, -2.39578427e-02, -1.27269715e-02, -1.27269715e-02,
              -2.98947988e-03, -2.98947988e-03,  5.00799606e-02,  5.00799606e-02,
               5.00799606e-02, -1.19837305e-01,  6.15880789e-03,  3.28612967e-02,
               3.28612967e-02, -1.31035741e-01, -5.87821957e-02, -1.73666537e-02,
              -1.73666537e-02, -1.73666537e-02, -2.21675297e-02, -2.21675297e-02,
              -2.28675267e-02, -2.28675267e-02, -2.03884843e-02, -2.03884843e-02,
              -1.28204704e-01, -8.41510329e-03, -8.25396780e-02, -4.83238731e-03,
               1.73553225e-02,  1.73553225e-02,  1.31132530e-01,  1.31132530e-01,
              -9.55723062e-02, -2.41836859e-01, -7.52312675e-02,  2.38302216e-02,
              -1.65164424e-01, -1.39583320e-01, -7.76469418e-02, -4.47449395e-02,
              -9.43369576e-02, -5.64237146e-02,  8.78233623e-03, -5.54414301e-02,
              -8.01255414e-02,  2.24253109e-02,  2.24253109e-02,  2.24253109e-02,
               2.24253109e-02,  2.24253109e-02,  1.79215363e-02,  1.79215363e-02,
               1.79215363e-02, -1.02334808e-01,  4.85545885e-02, -4.31366671e-02,
              -4.21993096e-01, -7.19030687e-02,  7.40558317e-02,  7.40558317e-02,
              -5.68375179e-02, -2.15865159e-02, -2.15865159e-02, -2.44751954e-02,
              -4.51723123e-02, -2.77248883e-02, -2.36741567e-02,  2.04279558e-02,
              -7.43697722e-03, -1.45130022e-02,  1.02584974e-02,  1.02584974e-02,
              -6.80713042e-02, -8.36591109e-02,  1.90248148e-02, -6.25305517e-02,
               4.43368411e-02,  4.43368411e-02,  1.48044086e-02,  3.20675737e-02,
               3.20675737e-02, -1.90087492e-03, -7.80499314e-03, -7.80499314e-03,
              -1.20369388e-02, -1.20369388e-02, -4.10129024e-02, -1.02966620e-02,
              -1.02966620e-02,  2.36909248e-04,  2.36909248e-04, -3.29154326e-02,
              -3.29154326e-02,  4.05756718e-02,  4.05756718e-02, -7.67063241e-03,
              -7.67063241e-03, -3.14030562e-02,  2.89215809e-02,  2.89215809e-02,
               2.89215809e-02,  2.89215809e-02,  2.89215809e-02, -2.23933684e-03,
              -2.23933684e-03, -2.23933684e-03,  6.32575847e-02,  6.32575847e-02,
              -3.24638985e-02, -7.63984027e-02,  1.09719934e-02,  1.09719934e-02,
               1.09719934e-02,  2.84854275e-02,  2.84854275e-02,  2.84854275e-02,
              -2.46022508e-01,  1.18117275e-02,  1.18117275e-02, -4.16510162e-02,
              -4.20617320e-02, -1.78304064e-02, -1.78304064e-02, -2.24511969e-02,
              -2.24511969e-02, -6.47727126e-03, -6.47727126e-03, -4.83718986e-03,
              -4.83718986e-03, -3.17196216e-02, -3.17196216e-02, -2.00361575e-02,
              -2.00361575e-02,  2.58222138e-03,  2.58222138e-03,  3.15753511e-02,
               3.15753511e-02,  9.44661016e-03,  9.44661016e-03,  9.44661016e-03,
              -5.42547916e-02,  5.94081665e-02,  5.94081665e-02, -5.07910465e-02,
               5.43503151e-02,  5.43503151e-02, -3.51105347e-02,  3.63106117e-02,
               3.63106117e-02,  3.63106117e-02,  8.57537045e-03,  8.57537045e-03,
              -2.40314697e-02, -2.40314697e-02,  3.31541802e-02,  3.31541802e-02,
               6.63995053e-02, -5.23459027e-01, -2.19293168e-01, -3.86443643e-02,
               4.12126672e-02,  4.12126672e-02, -5.52250254e-02, -2.95803416e-02,
               1.97260511e-02,  1.97260511e-02, -8.33572415e-02, -5.65618543e-02,
              -5.16478106e-02, -5.16478106e-02, -2.24455878e-02, -2.24455878e-02,
              -2.78191850e-02, -2.78191850e-02, -1.56703279e-02, -1.56703279e-02,
              -4.92269071e-02, -2.45358022e-02,  2.19318199e-02,  2.19318199e-02,
               2.19318199e-02, -1.67119058e-02, -1.67119058e-02, -2.51252206e-02,
              -2.51252206e-02, -5.63966540e-02, -1.76207332e-02,  7.47680557e-02,
               7.47680557e-02, -1.31253968e-01, -1.47164228e-01, -4.05410556e-02,
              -4.89393543e-02, -4.89393543e-02, -4.89393543e-02, -1.20209343e-01,
              -2.70526602e-03, -2.70526602e-03, -2.70526602e-03,  1.79697256e-02,
               1.79697256e-02,  1.79697256e-02, -8.53741361e-03, -8.53741361e-03,
              -1.17507014e-01,  6.63725684e-02,  6.63725684e-02, -9.70388105e-02,
               5.76545297e-03,  5.76545297e-03,  9.13976387e-02,  9.13976387e-02,
              -7.54770085e-02,  1.20707706e-02,  1.20707706e-02, -1.86717952e-03,
              -1.86717952e-03,  1.05456663e-02,  1.05456663e-02,  1.05456663e-02,
               1.05456663e-02,  1.05456663e-02,  1.05456663e-02,  1.05456663e-02,
               1.05456663e-02,  1.05456663e-02,  1.05456663e-02,  1.05456663e-02,
               1.05456663e-02,  1.05456663e-02,  1.05456663e-02,  1.05456663e-02,
               1.05456663e-02,  1.05456663e-02,  1.05456663e-02,  1.05456663e-02,
               1.05456663e-02, -1.01715413e-01, -2.26524747e-02, -2.26524747e-02,
              -1.72389197e-02, -1.72389197e-02,  3.08585954e-02,  3.08585954e-02,
               3.08585954e-02,  3.08585954e-02,  3.08585954e-02,  2.34564547e-02,
               2.34564547e-02,  2.34564547e-02,  2.34564547e-02,  2.34564547e-02,
               2.34564547e-02,  2.34564547e-02,  2.34564547e-02,  2.34564547e-02,
               2.34564547e-02,  2.34564547e-02,  2.34564547e-02,  2.34564547e-02,
               2.34564547e-02,  2.34564547e-02,  2.34564547e-02,  2.34564547e-02,
               2.34564547e-02,  2.34564547e-02,  2.34564547e-02,  7.86927182e-03,
              -2.10337357e-02,  6.07486053e-02, -6.76898674e-02, -2.37389179e-01,
               3.03092682e-02, -9.14042355e-03, -1.00135124e-02,  1.46612569e-02,
               1.46612569e-02, -3.75991624e-03, -1.67830543e-02, -6.11990051e-02,
               6.49859489e-03,  6.49859489e-03,  6.49859489e-03,  3.15068760e-02,
               3.15068760e-02,  3.07873287e-02, -3.21883958e-02, -1.05891096e-01,
              -1.27524012e-02, -1.27524012e-02, -1.27524012e-02,  3.59596537e-02,
               3.59596537e-02,  3.59596537e-02, -7.86557528e-03, -7.85090003e-02,
              -5.65752062e-02,  1.17331319e-02,  1.17331319e-02,  1.17331319e-02,
               1.17331319e-02, -6.93828292e-02, -4.45768065e-02, -1.75813861e-02,
              -1.75813861e-02, -2.07678504e-02, -2.07678504e-02, -1.10863871e-02,
              -1.10863871e-02, -6.99627824e-02, -5.70983740e-03, -5.70983740e-03,
              -1.24442086e-02, -1.24442086e-02,  9.09580309e-03,  9.09580309e-03,
               2.19544323e-02,  2.19544323e-02,  2.98147916e-03,  2.98147916e-03,
               2.98147916e-03, -4.06834913e-02, -4.06834913e-02, -2.45554281e-02,
              -2.45554281e-02,  3.21664738e-02, -8.37774349e-02,  4.75588568e-02,
               4.75588568e-02,  4.75588568e-02,  1.57515772e-02, -5.95600836e-02,
              -8.91318552e-02,  2.15125296e-02,  2.15125296e-02,  2.15125296e-02,
               2.15125296e-02,  2.15125296e-02,  2.15125296e-02,  2.15125296e-02,
               2.15125296e-02,  2.15125296e-02,  2.15125296e-02,  2.15125296e-02,
               2.15125296e-02,  2.15125296e-02,  2.15125296e-02,  2.15125296e-02,
               2.15125296e-02,  2.15125296e-02,  2.15125296e-02, -1.13784046e-01,
              -1.13784046e-01, -3.53414325e-02, -3.53414325e-02, -3.53414325e-02,
              -2.59444026e-02, -1.31484775e-02, -1.11048868e-01,  2.13146500e-02,
              -6.86616607e-02, -1.45883153e-04, -1.45883153e-04, -1.22819372e-02,
              -1.22819372e-02, -6.79977365e-02,  2.00604967e-02,  2.00604967e-02,
               8.14624350e-03,  8.14624350e-03, -2.21690762e-02, -2.21690762e-02,
              -8.35384953e-02, -5.07995186e-02, -5.07995186e-02, -1.09249650e-02,
              -1.09249650e-02, -4.03925477e-02, -4.03925477e-02, -1.21772724e-01,
               3.74380964e-03,  3.74380964e-03,  3.74380964e-03,  3.74380964e-03,
               6.66636843e-03,  6.66636843e-03,  6.66636843e-03,  1.48579540e-02,
               1.48579540e-02,  1.48579540e-02, -1.52562199e-02, -1.52562199e-02,
              -3.16551266e-02, -3.16551266e-02, -2.11399395e-02, -2.11399395e-02,
              -3.14927895e-02, -3.14927895e-02, -1.30318482e-02, -1.30318482e-02,
               2.89752007e-02,  2.89752007e-02,  2.89752007e-02, -7.69774023e-04,
              -7.69774023e-04, -7.69774023e-04, -2.11932658e-02, -2.11932658e-02,
              -2.11932658e-02, -2.11932658e-02, -2.11932658e-02,  1.37906269e-02,
               1.37906269e-02,  1.37906269e-02,  1.37906269e-02,  1.37906269e-02,
               1.37906269e-02,  1.37906269e-02,  1.37906269e-02,  1.37906269e-02,
               1.37906269e-02,  1.37906269e-02,  1.37906269e-02,  1.37906269e-02,
               1.37906269e-02,  1.37906269e-02,  1.37906269e-02,  1.37906269e-02,
               1.37906269e-02,  1.37906269e-02,  1.37906269e-02,  1.37906269e-02,
               1.37906269e-02, -7.28547077e-02, -4.03198700e-02, -4.03198700e-02,
              -2.30686169e-02, -2.30686169e-02,  9.16030863e-03,  9.16030863e-03,
               3.01682438e-02,  3.01682438e-02, -1.58882652e-02, -3.68705704e-02,
              -3.68705704e-02,  1.23290108e-02,  1.23290108e-02, -1.84261608e-03,
              -1.84261608e-03, -1.84261608e-03, -1.84261608e-03, -2.73846766e-02,
              -2.73846766e-02, -2.73846766e-02, -2.65398641e-02, -2.65398641e-02,
              -1.87955518e-02, -1.87955518e-02, -2.64286418e-02, -2.64286418e-02,
              -1.78336520e-02, -1.78336520e-02, -5.92367190e-03, -5.92367190e-03,
              -9.05625361e-03, -9.05625361e-03,  2.14150202e-02,  2.14150202e-02,
               9.46858047e-03,  9.46858047e-03, -7.08323202e-03, -7.08323202e-03,
              -8.48489484e-03, -3.54226211e-02, -3.54226211e-02, -5.54013828e-02,
              -5.86473723e-02,  6.52898727e-04,  6.52898727e-04,  6.52898727e-04,
               6.52898727e-04,  6.52898727e-04,  6.52898727e-04,  6.52898727e-04,
               6.52898727e-04,  6.52898727e-04,  6.52898727e-04,  6.52898727e-04,
               6.52898727e-04, -1.23938214e-03, -1.23938214e-03, -1.23938214e-03,
              -1.23938214e-03, -1.23938214e-03, -1.23938214e-03, -1.23938214e-03,
              -1.23938214e-03, -1.23938214e-03, -1.23938214e-03, -1.23938214e-03,
              -1.23938214e-03, -1.23938214e-03, -1.23938214e-03, -1.23938214e-03,
              -1.23938214e-03, -1.23938214e-03, -1.23938214e-03, -1.23938214e-03,
              -1.23938214e-03, -1.23938214e-03, -1.23938214e-03, -1.23938214e-03,
              -1.23938214e-03, -1.23938214e-03, -1.23938214e-03, -1.23938214e-03,
              -1.23938214e-03, -1.23938214e-03, -1.23938214e-03, -1.23938214e-03,
              -1.23938214e-03, -1.23938214e-03, -1.23938214e-03, -1.23938214e-03,
              -1.23938214e-03, -1.23938214e-03, -1.23938214e-03, -1.23938214e-03,
              -1.23938214e-03, -1.23938214e-03, -1.23938214e-03, -1.23938214e-03,
              -1.23938214e-03, -1.23938214e-03, -1.23938214e-03, -1.23938214e-03,
              -1.23938214e-03, -1.23938214e-03, -1.23938214e-03, -1.23938214e-03,
              -1.23938214e-03, -1.23938214e-03, -1.23938214e-03, -1.23938214e-03,
              -1.23938214e-03, -1.23938214e-03, -1.23938214e-03, -1.23938214e-03,
              -1.23938214e-03, -1.23938214e-03, -1.23938214e-03, -1.23938214e-03,
              -1.23938214e-03, -1.23938214e-03, -1.23938214e-03, -1.23938214e-03,
              -1.23938214e-03, -1.23938214e-03, -1.23938214e-03, -1.23938214e-03,
              -1.23938214e-03, -1.23938214e-03, -1.23938214e-03, -1.23938214e-03,
              -1.23938214e-03, -1.23938214e-03, -1.23938214e-03, -1.23938214e-03,
              -1.23938214e-03, -1.23938214e-03, -1.23938214e-03, -1.23938214e-03,
              -1.23938214e-03, -1.23938214e-03, -1.23938214e-03, -1.23938214e-03,
              -1.23938214e-03, -1.23938214e-03, -1.23938214e-03, -1.23938214e-03,
              -1.23938214e-03, -1.23938214e-03, -1.23938214e-03, -1.23938214e-03,
              -1.23938214e-03, -1.23938214e-03, -1.23938214e-03, -1.23938214e-03,
              -1.23938214e-03, -1.23938214e-03, -1.23938214e-03, -1.23938214e-03,
              -1.23938214e-03, -1.23938214e-03, -1.23938214e-03, -1.23938214e-03,
              -1.23938214e-03, -1.23938214e-03, -1.23938214e-03, -1.23938214e-03,
              -1.23938214e-03, -1.23938214e-03, -1.23938214e-03, -1.23938214e-03,
              -1.23938214e-03, -1.23938214e-03, -1.23938214e-03, -1.23938214e-03,
              -1.23938214e-03, -1.23938214e-03, -1.23938214e-03, -1.23938214e-03,
              -1.23938214e-03, -1.23938214e-03, -1.23938214e-03, -1.23938214e-03,
              -1.23938214e-03, -1.23938214e-03, -1.23938214e-03, -1.23938214e-03,
              -1.23938214e-03, -1.23938214e-03, -1.23938214e-03, -1.23938214e-03,
              -1.23938214e-03, -1.23938214e-03, -1.23938214e-03, -1.23938214e-03,
              -1.23938214e-03, -1.23938214e-03, -1.23938214e-03, -1.23938214e-03,
              -1.23938214e-03, -1.23938214e-03, -1.23938214e-03, -1.23938214e-03,
              -1.23938214e-03, -1.23938214e-03, -1.23938214e-03, -1.23938214e-03,
              -1.23938214e-03, -1.23938214e-03, -1.23938214e-03, -1.23938214e-03,
              -1.23938214e-03, -1.23938214e-03, -1.23938214e-03, -1.23938214e-03,
              -1.23938214e-03, -1.23938214e-03, -1.23938214e-03, -1.23938214e-03,
              -1.23938214e-03, -1.23938214e-03, -1.23938214e-03, -1.23938214e-03,
              -1.23938214e-03, -1.23938214e-03, -1.23938214e-03, -1.23938214e-03,
              -1.23938214e-03, -1.23938214e-03, -1.23938214e-03, -1.23938214e-03,
              -1.23938214e-03, -1.23938214e-03, -1.23938214e-03, -1.23938214e-03,
              -1.23938214e-03, -1.23938214e-03, -1.23938214e-03, -1.23938214e-03,
              -1.23938214e-03, -1.23938214e-03, -1.23938214e-03, -1.23938214e-03,
              -1.23938214e-03, -1.23938214e-03, -1.23938214e-03, -1.23938214e-03,
              -1.23938214e-03, -1.23938214e-03, -1.23938214e-03, -1.23938214e-03,
              -1.23938214e-03, -1.23938214e-03, -1.23938214e-03, -1.23938214e-03,
              -1.23938214e-03, -1.23938214e-03, -1.23938214e-03, -1.23938214e-03,
              -1.23938214e-03, -1.23938214e-03, -1.23938214e-03, -1.23938214e-03,
              -1.23938214e-03, -1.23938214e-03, -1.23938214e-03, -1.23938214e-03]),
       array([ 1.41151295e-02, -2.38916531e-02, -8.72816092e-04, -9.72148324e-03,
              -8.15757657e-03, -1.82741537e-02, -3.91849423e-03,  1.32624254e-02,
               8.43174711e-03,  8.43174711e-03,  8.43174711e-03, -5.47491456e-03,
              -1.04843522e-03, -7.00629845e-02,  7.11790428e-02, -6.56216040e-02,
               1.12910447e-02, -1.28087821e-02, -3.97710624e-02, -4.71208716e-03,
               8.87991762e-03,  1.89516721e-02, -5.01978221e-02, -5.75040858e-03,
              -1.51913075e-02, -8.36490672e-03,  9.56989247e-03, -3.64708809e-02,
               2.69509274e-03, -3.11152844e-02, -4.67803387e-02,  1.95564004e-02,
              -4.71651834e-03, -2.18519000e-02, -2.60553785e-02,  5.08143454e-03,
               5.08143454e-03,  5.08143454e-03,  5.08143454e-03,  5.08143454e-03,
               5.08143454e-03,  5.08143454e-03,  5.08143454e-03,  5.08143454e-03,
               5.08143454e-03,  5.08143454e-03,  5.08143454e-03, -1.94285020e-02,
               2.08972841e-03, -6.74105734e-03, -1.64042420e-04, -2.68096347e-02,
              -2.11924930e-02, -3.05218120e-02,  3.88260465e-02,  5.16877379e-03,
              -1.00542525e-02, -2.23571280e-02, -6.86493169e-03,  3.02062963e-02,
              -2.07104932e-03, -2.59766445e-02, -4.77495059e-02, -4.24948794e-02,
              -4.52777010e-02, -1.01526843e-01, -1.62802758e-03,  5.19018747e-03,
               1.52528820e-02, -1.20946827e-02, -4.23439604e-02,  5.88894926e-02,
               1.70255645e-01,  1.69260009e-01, -9.06558193e-02, -3.44615952e-01,
              -6.32255949e-02,  3.24074350e-02, -4.89424147e-02,  9.54547747e-03,
              -2.87514605e-02,  3.94324385e-02, -2.16108240e-02,  1.21049009e-02,
              -3.30443576e-02, -2.16903881e-02, -4.08627543e-03, -1.04109545e-01,
              -3.62336830e-02, -1.71067909e-02, -3.16659009e-02,  3.52667773e-02,
              -8.16205676e-04, -1.20849803e-02,  2.95715435e-03,  2.95715435e-03,
               2.95715435e-03,  2.95715435e-03,  2.95715435e-03, -8.34865467e-03,
              -2.78388967e-02, -2.56732125e-02, -7.58007188e-02, -9.06521270e-03,
              -6.43927047e-03, -2.42372174e-02,  1.22197808e-02,  1.16656960e-02,
               2.96658219e-02,  1.91579658e-02,  1.59819919e-02,  4.80445209e-03,
              -4.53170158e-03,  1.12258592e-02, -2.53961883e-02, -3.98206728e-03,
               3.38086395e-02, -2.40475852e-03,  1.02443008e-02, -2.30713181e-02,
               1.27849289e-02,  3.44292828e-02,  1.45408592e-03,  6.95688550e-03,
               6.95688550e-03,  6.95688550e-03,  6.95688550e-03,  6.95688550e-03,
              -5.68669812e-03, -1.29918434e-02, -1.97612621e-02, -3.08297652e-02,
               1.56880497e-02,  2.86399122e-03,  2.36350178e-02,  1.16525769e-02,
               3.36368362e-02, -2.06348618e-02, -6.97641095e-02, -2.19849898e-01,
              -1.62843004e-02, -2.79648456e-03, -1.52352587e-02,  1.73600976e-02,
              -6.96050478e-03, -2.38693888e-02, -1.87055858e-02,  5.01610911e-03,
               1.62412798e-03, -1.78632530e-02,  1.34711074e-02,  2.12220955e-02,
              -2.30171208e-03, -2.62158903e-02, -2.02913353e-03, -2.02913353e-03,
              -2.02913353e-03, -2.02913353e-03, -2.02913353e-03, -7.09038264e-02,
              -3.41038773e-03,  7.97886779e-03,  1.01894849e-02,  4.38995292e-03,
               1.26833470e-01,  1.11638816e-01,  1.53716357e-01, -3.36517977e-02,
              -3.04655044e-01,  1.86337697e-01, -2.49064934e-01,  2.14241016e-01,
              -3.80486302e-01,  4.55628582e-01, -2.23766140e-01,  2.41067437e-01,
              -1.21338940e-02, -1.46642504e-01,  3.35113429e-02,  1.01939962e-01,
              -1.16674447e-02,  3.85050537e-03,  2.63038929e-02, -1.18564311e-02,
               4.30231389e-02, -1.33318607e-02,  2.60874725e-02, -3.60882783e-02,
               2.04386211e-02, -2.42135231e-02,  1.03841091e-02,  1.03841091e-02,
               1.03841091e-02,  1.03841091e-02,  1.30250705e-03,  1.30250705e-03,
              -1.05333065e-02, -1.05333065e-02, -2.47531879e-03,  2.01477433e-02,
              -2.09012603e-02, -2.92993163e-02, -1.41665314e-02,  1.36890928e-02,
              -1.03167971e-02, -6.65564144e-03,  8.76237150e-03, -1.76224590e-02,
              -9.83904604e-03,  1.77526593e-02,  3.65709923e-02, -4.07801010e-02,
               8.34318622e-03, -3.97846239e-02, -4.08774549e-02, -3.18871671e-02,
               1.33804148e-02, -1.32085020e-02,  7.50979441e-03,  7.50979441e-03,
               7.50979441e-03,  7.50979441e-03,  1.95216801e-02,  4.93554737e-02,
              -4.51553200e-02, -6.16934632e-02, -1.10794468e-02, -2.85231037e-02,
               2.53032284e-02,  2.53032284e-02,  3.65184120e-03,  9.33383278e-03,
              -2.48923463e-02, -2.17847647e-02,  3.96824060e-02,  2.22263513e-02,
               2.10859952e-02,  3.73380361e-02,  4.44723944e-03,  9.91761861e-02,
               3.56171308e-02, -4.47629114e-03,  3.65889276e-02, -9.38260352e-02,
              -2.22399031e-02,  2.85460598e-03,  2.78453951e-02,  2.78453951e-02,
              -3.17691518e-03,  1.76756506e-02, -3.75031186e-03, -4.54496085e-01,
               1.55142010e-01, -1.89652740e-01, -1.86123828e-01, -1.07337454e-01,
               7.12161268e-02, -1.04971611e-01, -8.63200699e-02,  3.45295395e-02,
              -1.77341972e-02, -3.70678571e-01, -5.45020727e-01, -2.33423221e-01,
               8.13231593e-02, -5.89454049e-02, -6.66169201e-02,  4.36397943e-04,
              -2.14594028e-03, -2.14594028e-03, -2.14594028e-03, -2.14594028e-03,
              -2.14594028e-03, -2.14594028e-03, -2.14594028e-03, -2.14594028e-03,
              -2.14594028e-03, -2.14594028e-03, -2.14594028e-03, -2.14594028e-03,
              -2.14594028e-03,  3.13306769e-02,  3.89824828e-02, -6.97242299e-02,
              -7.24031011e-02, -4.10940210e-02,  4.02162513e-02,  3.52228125e-02,
              -3.35089723e-02, -5.88644305e-02, -5.84462232e-02, -8.67797679e-02,
               1.58956700e-02,  4.24605065e-02, -1.26981086e-02, -8.06122484e-03,
              -2.25595496e-03])                                                  ],
      dtype=object)

.base_values =
array([-1.45757389, -1.79656935, -2.14751053, -2.19938064, -0.61936796,
       -2.18481708, -2.16977811, -1.34684038, -0.72261745, -1.83117676])

.data =
(array(['', 'I ', 'rented ', 'I ', 'AM ', 'CURIOUS', '-', 'YELLOW ',
       'from ', 'my ', 'video ', 'store ', 'because ', 'of ', 'all ',
       'the ', 'controversy ', 'that ', 'surrounded ', 'it ', 'when ',
       'it ', 'was ', 'first ', 'released ', 'in ', '1967', '. ', 'I ',
       'also ', 'heard ', 'that ', 'at ', 'first ', 'it ', 'was ',
       'seized ', 'by ', 'U', '.', 'S', '. ', 'customs ', 'if ', 'it ',
       'ever ', 'tried ', 'to ', 'enter ', 'this ', 'country', ', ',
       'therefore ', 'being ', 'a ', 'fan ', 'of ', 'films ',
       'considered ', '"', 'controversial', '" ', 'I ', 'really ', 'had ',
       'to ', 'see ', 'this ', 'for ', 'myself', '.', '<', 'br ', '/',
       '>', '<', 'br ', '/', '>', 'The ', 'plot ', 'is ', 'centered ',
       'around ', 'a ', 'young ', 'Swedish ', 'drama ', 'student ',
       'named ', 'Lena ', 'who ', 'wants ', 'to ', 'learn ',
       'everything ', 'she ', 'can ', 'about ', 'life', '. ', 'In ',
       'particular ', 'she ', 'wants ', 'to ', 'focus ', 'her ',
       'attention', 's ', 'to ', 'making ', 'some ', 'sort ', 'of ',
       'documentary ', 'on ', 'what ', 'the ', 'average ', 'Sw', 'ede ',
       'thought ', 'about ', 'certain ', 'political ', 'issues ', 'such ',
       'as ', 'the ', 'Vietnam ', 'War ', 'and ', 'race ', 'issues ',
       'in ', 'the ', 'United ', 'States', '. ', 'In ', 'between ',
       'asking ', 'politicians ', 'and ', 'ordinary ', 'den', 'ize',
       'ns ', 'of ', 'Stockholm ', 'about ', 'their ', 'opinions ', 'on ',
       'politics', ', ', 'she ', 'has ', 'sex ', 'with ', 'her ',
       'drama ', 'teacher', ', ', 'classmates', ', ', 'and ', 'married ',
       'men', '.', '<', 'br ', '/', '>', '<', 'br ', '/', '>', 'What ',
       'kills ', 'me ', 'about ', 'I ', 'AM ', 'CURIOUS', '-', 'YELLOW ',
       'is ', 'that ', '40 ', 'years ', 'ago', ', ', 'this ', 'was ',
       'considered ', 'pornographic', '. ', 'Really', ', ', 'the ',
       'sex ', 'and ', 'nu', 'dity ', 'scenes ', 'are ', 'few ', 'and ',
       'far ', 'between', ', ', 'even ', 'then ', 'it', "'", 's ', 'not ',
       'shot ', 'like ', 'some ', 'cheap', 'ly ', 'made ', 'porn', 'o',
       '. ', 'While ', 'my ', 'country', 'men ', 'mind ', 'find ', 'it ',
       'shocking', ', ', 'in ', 'reality ', 'sex ', 'and ', 'nu', 'dity ',
       'are ', 'a ', 'major ', 'staple ', 'in ', 'Swedish ', 'cinema',
       '. ', 'Even ', 'Ing', 'mar ', 'Bergman', ', ', 'arguably ',
       'their ', 'answer ', 'to ', 'good ', 'old ', 'boy ', 'John ',
       'Ford', ', ', 'had ', 'sex ', 'scenes ', 'in ', 'his ', 'films',
       '.', '<', 'br ', '/', '>', '<', 'br ', '/', '>', 'I ', 'do ',
       'com', 'men', 'd ', 'the ', 'filmmakers ', 'for ', 'the ', 'fact ',
       'that ', 'any ', 'sex ', 'shown ', 'in ', 'the ', 'film ', 'is ',
       'shown ', 'for ', 'artistic ', 'purposes ', 'rather ', 'than ',
       'just ', 'to ', 'shock ', 'people ', 'and ', 'make ', 'money ',
       'to ', 'be ', 'shown ', 'in ', 'pornographic ', 'theaters ', 'in ',
       'America', '. ', 'I ', 'AM ', 'CURIOUS', '-', 'YELLOW ', 'is ',
       'a ', 'good ', 'film ', 'for ', 'anyone ', 'wanting ', 'to ',
       'study ', 'the ', 'meat ', 'and ', 'potatoes ', '(', 'no ', 'pun ',
       'intended', ') ', 'of ', 'Swedish ', 'cinema', '. ', 'But ',
       'really', ', ', 'this ', 'film ', 'doesn', "'", 't ', 'have ',
       'much ', 'of ', 'a ', 'plot', '.', ''], dtype=object), array(['', '"', 'I ', 'Am ', 'Curious', ': ', 'Yellow', '" ', 'is ', 'a ',
       'ri', 'sible ', 'and ', 'pre', 'ten', 'tious ', 'steaming ',
       'pile', '. ', 'It ', 'doesn', "'", 't ', 'matter ', 'what ', 'one',
       "'", 's ', 'political ', 'views ', 'are ', 'because ', 'this ',
       'film ', 'can ', 'hardly ', 'be ', 'taken ', 'seriously ', 'on ',
       'any ', 'level', '. ', 'As ', 'for ', 'the ', 'claim ', 'that ',
       'frontal ', 'male ', 'nu', 'dity ', 'is ', 'an ', 'automatic ',
       'NC', '-', '17', ', ', 'that ', 'isn', "'", 't ', 'true', '. ',
       'I', "'", 've ', 'seen ', 'R', '-', 'rated ', 'films ', 'with ',
       'male ', 'nu', 'dity', '. ', 'Granted', ', ', 'they ', 'only ',
       'offer ', 'some ', 'fleeting ', 'views', ', ', 'but ', 'where ',
       'are ', 'the ', 'R', '-', 'rated ', 'films ', 'with ', 'gaping ',
       'vu', 'lva', 's ', 'and ', 'flap', 'ping ', 'lab', 'ia', '? ',
       'Nowhere', ', ', 'because ', 'they ', 'don', "'", 't ', 'exist',
       '. ', 'The ', 'same ', 'goes ', 'for ', 'those ', 'crap', 'py ',
       'cable ', 'shows', ': ', 'sc', 'hl', 'ong', 's ', 'swinging ',
       'in ', 'the ', 'breeze ', 'but ', 'not ', 'a ', 'clit', 'oris ',
       'in ', 'sight', '. ', 'And ', 'those ', 'pre', 'ten', 'tious ',
       'indie ', 'movies ', 'like ', 'The ', 'Brown ', 'Bunny', ', ',
       'in ', 'which ', 'we', "'", 're ', 'treated ', 'to ', 'the ',
       'site ', 'of ', 'Vincent ', 'Gallo', "'", 's ', 'throbbing ',
       'johnson', ', ', 'but ', 'not ', 'a ', 'trace ', 'of ', 'pink ',
       'visible ', 'on ', 'Chloe ', 'Se', 'vi', 'gny', '. ', 'Before ',
       'crying ', '(', 'or ', 'implying', ') ', '"', 'double', '-',
       'standard', '" ', 'in ', 'matters ', 'of ', 'nu', 'dity', ', ',
       'the ', 'mentally ', 'ob', 'tus', 'e ', 'should ', 'take ',
       'into ', 'account ', 'one ', 'una', 'vo', 'ida', 'bly ',
       'obvious ', 'anatomical ', 'difference ', 'between ', 'men ',
       'and ', 'women', ': ', 'there ', 'are ', 'no ', 'gen', 'ital',
       's ', 'on ', 'display ', 'when ', 'actresses ', 'appears ', 'nude',
       ', ', 'and ', 'the ', 'same ', 'cannot ', 'be ', 'said ', 'for ',
       'a ', 'man', '. ', 'In ', 'fact', ', ', 'you ', 'generally ',
       'won', "'", 't ', 'see ', 'female ', 'gen', 'ital', 's ', 'in ',
       'an ', 'American ', 'film ', 'in ', 'anything ', 'short ', 'of ',
       'porn ', 'or ', 'explicit ', 'erotic', 'a', '. ', 'This ',
       'alleged ', 'double', '-', 'standard ', 'is ', 'less ', 'a ',
       'double ', 'standard ', 'than ', 'an ', 'admitted', 'ly ', 'de',
       'pressing ', 'ability ', 'to ', 'come ', 'to ', 'terms ',
       'culturally ', 'with ', 'the ', 'insides ', 'of ', 'women', "'",
       's ', 'bodies', '.', ''], dtype=object), array(['', 'If ', 'only ', 'to ', 'avoid ', 'making ', 'this ', 'type ',
       'of ', 'film ', 'in ', 'the ', 'future', '. ', 'This ', 'film ',
       'is ', 'interesting ', 'as ', 'an ', 'experiment ', 'but ',
       'tells ', 'no ', 'co', 'gent ', 'story', '.', '<', 'br ', '/', '>',
       '<', 'br ', '/', '>', 'One ', 'might ', 'feel ', 'vi', 'rt',
       'uous ', 'for ', 'sitting ', 'thru ', 'it ', 'because ', 'it ',
       'touches ', 'on ', 'so ', 'many ', 'IMPORTANT ', 'issues ', 'but ',
       'it ', 'does ', 'so ', 'without ', 'any ', 'disc', 'ern', 'able ',
       'motive', '. ', 'The ', 'viewer ', 'comes ', 'away ', 'with ',
       'no ', 'new ', 'perspectives ', '(', 'unless ', 'one ', 'comes ',
       'up ', 'with ', 'one ', 'while ', 'one', "'", 's ', 'mind ',
       'wander', 's', ', ', 'as ', 'it ', 'will ', 'invariably ', 'do ',
       'during ', 'this ', 'pointless ', 'film', ')', '.', '<', 'br ',
       '/', '>', '<', 'br ', '/', '>', 'One ', 'might ', 'better ',
       'spend ', 'one', "'", 's ', 'time ', 'staring ', 'out ', 'a ',
       'window ', 'at ', 'a ', 'tree ', 'growing', '.', '<', 'br ', '/',
       '>', '<', 'br ', '/', '>', ''], dtype=object), array(['', 'This ', 'film ', 'was ', 'probably ', 'inspired ', 'by ',
       'God', 'ard', "'", 's ', 'Mas', 'cu', 'lin', ', ', 'f', 'mini',
       'n ', 'and ', 'I ', 'urge ', 'you ', 'to ', 'see ', 'that ',
       'film ', 'instead', '.', '<', 'br ', '/', '>', '<', 'br ', '/',
       '>', 'The ', 'film ', 'has ', 'two ', 'strong ', 'elements ',
       'and ', 'those ', 'are', ', ', '(', '1', ') ', 'the ',
       'realistic ', 'acting ', '(', '2', ') ', 'the ', 'impressive',
       ', ', 'und', 'ese', 'r', 'ved', 'ly ', 'good', ', ', 'photo', '. ',
       'Apart ', 'from ', 'that', ', ', 'what ', 'strikes ', 'me ',
       'most ', 'is ', 'the ', 'endless ', 'stream ', 'of ', 'si', 'llin',
       'ess', '. ', 'Lena ', 'Ny', 'man ', 'has ', 'to ', 'be ', 'most ',
       'annoying ', 'actress ', 'in ', 'the ', 'world', '. ', 'She ',
       'acts ', 'so ', 'stupid ', 'and ', 'with ', 'all ', 'the ', 'nu',
       'dity ', 'in ', 'this ', 'film', ',', '.', '.', '.', 'it', "'",
       's ', 'una', 'tt', 'ractive', '. ', 'Comparing ', 'to ', 'God',
       'ard', "'", 's ', 'film', ', ', 'intellectual', 'ity ', 'has ',
       'been ', 'replaced ', 'with ', 'stupidity', '. ', 'Without ',
       'going ', 'too ', 'far ', 'on ', 'this ', 'subject', ', ', 'I ',
       'would ', 'say ', 'that ', 'follows ', 'from ', 'the ',
       'difference ', 'in ', 'ideals ', 'between ', 'the ', 'French ',
       'and ', 'the ', 'Swedish ', 'society', '.', '<', 'br ', '/', '>',
       '<', 'br ', '/', '>', 'A ', 'movie ', 'of ', 'its ', 'time', ', ',
       'and ', 'place', '. ', '2', '/', '10', '.', ''], dtype=object), array(['', 'Oh', ', ', 'brother', '.', '.', '.', 'after ', 'hearing ',
       'about ', 'this ', 'ridiculous ', 'film ', 'for ', 'um', 'pt',
       'een ', 'years ', 'all ', 'I ', 'can ', 'think ', 'of ', 'is ',
       'that ', 'old ', 'Peggy ', 'Lee ', 'song', '.', '.', '<', 'br ',
       '/', '>', '<', 'br ', '/', '>', '"', 'Is ', 'that ', 'all ',
       'there ', 'is', '?', '?', '" ', '.', '.', '.', 'I ', 'was ',
       'just ', 'an ', 'early ', 'teen ', 'when ', 'this ', 'smoked ',
       'fish ', 'hit ', 'the ', 'U', '.', 'S', '. ', 'I ', 'was ', 'too ',
       'young ', 'to ', 'get ', 'in ', 'the ', 'theater ', '(',
       'although ', 'I ', 'did ', 'manage ', 'to ', 'sneak ', 'into ',
       '"', 'Goodbye ', 'Columbus', '"', ')', '. ', 'Then ', 'a ',
       'screening ', 'at ', 'a ', 'local ', 'film ', 'museum ', 'beck',
       'oned ', '- ', 'Finally ', 'I ', 'could ', 'see ', 'this ', 'film',
       ', ', 'except ', 'now ', 'I ', 'was ', 'as ', 'old ', 'as ', 'my ',
       'parents ', 'were ', 'when ', 'they ', 'sc', 'hl', 'ep', 'ped ',
       'to ', 'see ', 'it', '!', '!', '<', 'br ', '/', '>', '<', 'br ',
       '/', '>', 'The ', 'ONLY ', 'reason ', 'this ', 'film ', 'was ',
       'not ', 'condemned ', 'to ', 'the ', 'anonymous ', 'sands ', 'of ',
       'time ', 'was ', 'because ', 'of ', 'the ', 'ob', 'sc', 'enity ',
       'case ', 'sparked ', 'by ', 'its ', 'U', '.', 'S', '. ', 'release',
       '. ', 'MILLIONS ', 'of ', 'people ', 'flock', 'ed ', 'to ',
       'this ', 'stink', 'er', ', ', 'thinking ', 'they ', 'were ',
       'going ', 'to ', 'see ', 'a ', 'sex ', 'film', '.', '.', '.',
       'Instead', ', ', 'they ', 'got ', 'lots ', 'of ', 'close', 'ups ',
       'of ', 'g', 'nar', 'ly', ', ', 'rep', 'ulsive ', 'Sw', 'edes',
       ', ', 'on', '-', 'street ', 'interviews ', 'in ', 'bland ',
       'shopping ', 'malls', ', ', 'as', 'ini', 'e ', 'political ', 'pre',
       'tension', '.', '.', '.', 'and ', 'fee', 'ble ', 'who', '-',
       'cares ', 'simulated ', 'sex ', 'scenes ', 'with ', 'sa', 'ggy',
       ', ', 'pale ', 'actors', '.', '<', 'br ', '/', '>', '<', 'br ',
       '/', '>', 'Cultural ', 'icon', ', ', 'holy ', 'gr', 'ail', ', ',
       'historic ', 'artifact', '.', '.', 'whatever ', 'this ', 'thing ',
       'was', ', ', 'sh', 'red ', 'it', ', ', 'burn ', 'it', ', ',
       'then ', 'stuff ', 'the ', 'ashes ', 'in ', 'a ', 'lead ', 'box',
       '!', '<', 'br ', '/', '>', '<', 'br ', '/', '>', 'Elite ', 'est',
       'het', 'es ', 'still ', 'scrape ', 'to ', 'find ', 'value ', 'in ',
       'its ', 'boring ', 'pseudo ', 'revolutionary ', 'political ', 'sp',
       'ew', 'ings', '.', '.', 'But ', 'if ', 'it ', 'weren', "'", 't ',
       'for ', 'the ', 'censorship ', 'scandal', ', ', 'it ', 'would ',
       'have ', 'been ', 'ignored', ', ', 'then ', 'forgotten', '.', '<',
       'br ', '/', '>', '<', 'br ', '/', '>', 'Instead', ', ', 'the ',
       '"', 'I ', 'Am ', 'Blank', ', ', 'Blank', '" ', 'r', 'hy', 'thy',
       'med ', 'title ', 'was ', 'repeated ', 'endless', 'ly ', 'for ',
       'years ', 'as ', 'a ', 'ti', 'tila', 'tion ', 'for ', 'porn', 'o ',
       'films ', '(', 'I ', 'am ', 'Curious', ', ', 'Lavender ', '- ',
       'for ', 'gay ', 'films', ', ', 'I ', 'Am ', 'Curious', ', ',
       'Black ', '- ', 'for ', 'b', 'la', 'x', 'pl', 'oit', 'ation ',
       'films', ', ', 'etc', '.', '.', ') ', 'and ', 'every ', 'ten ',
       'years ', 'or ', 'so ', 'the ', 'thing ', 'rises ', 'from ',
       'the ', 'dead', ', ', 'to ', 'be ', 'viewed ', 'by ', 'a ', 'new ',
       'generation ', 'of ', 'sucker', 's ', 'who ', 'want ', 'to ',
       'see ', 'that ', '"', 'naughty ', 'sex ', 'film', '" ', 'that ',
       '"', 'revolution', 'ized ', 'the ', 'film ', 'industry', '"', '.',
       '.', '.', '<', 'br ', '/', '>', '<', 'br ', '/', '>', 'Ye', 'esh',
       ', ', 'avoid ', 'like ', 'the ', 'plague', '.', '.', 'Or ', 'if ',
       'you ', 'MUST ', 'see ', 'it ', '- ', 'rent ', 'the ', 'video ',
       'and ', 'fast ', 'forward ', 'to ', 'the ', '"', 'dirty', '" ',
       'parts', ', ', 'just ', 'to ', 'get ', 'it ', 'over ', 'with', '.',
       '<', 'br ', '/', '>', '<', 'br ', '/', '>', ''], dtype=object), array(['', 'I ', 'would ', 'put ', 'this ', 'at ', 'the ', 'top ', 'of ',
       'my ', 'list ', 'of ', 'films ', 'in ', 'the ', 'category ', 'of ',
       'un', 'watch', 'able ', 'trash', '! ', 'There ', 'are ', 'films ',
       'that ', 'are ', 'bad', ', ', 'but ', 'the ', 'worst ', 'kind ',
       'are ', 'the ', 'ones ', 'that ', 'are ', 'un', 'watch', 'able ',
       'but ', 'you ', 'are ', 'suppose ', 'to ', 'like ', 'them ',
       'because ', 'they ', 'are ', 'supposed ', 'to ', 'be ', 'good ',
       'for ', 'you', '! ', 'The ', 'sex ', 'sequences', ', ', 'so ',
       'shocking ', 'in ', 'its ', 'day', ', ', 'couldn', "'", 't ',
       'even ', 'ar', 'ouse ', 'a ', 'rabbit', '. ', 'The ', 'so ',
       'called ', 'controversial ', 'politics ', 'is ', 'strictly ',
       'high ', 'school ', 'sophomore ', 'amateur ', 'night ', 'Marxism',
       '. ', 'The ', 'film ', 'is ', 'self', '-', 'consciously ', 'art',
       'y ', 'in ', 'the ', 'worst ', 'sense ', 'of ', 'the ', 'term',
       '. ', 'The ', 'photography ', 'is ', 'in ', 'a ', 'harsh ',
       'grain', 'y ', 'black ', 'and ', 'white', '. ', 'Some ', 'scenes ',
       'are ', 'out ', 'of ', 'focus ', 'or ', 'taken ', 'from ', 'the ',
       'wrong ', 'angle', '. ', 'Even ', 'the ', 'sound ', 'is ', 'bad',
       '! ', 'And ', 'some ', 'people ', 'call ', 'this ', 'art', '?',
       '<', 'br ', '/', '>', '<', 'br ', '/', '>', ''], dtype=object), array(['', 'Whoever ', 'wrote ', 'the ', 'screenplay ', 'for ', 'this ',
       'movie ', 'obviously ', 'never ', 'consulted ', 'any ', 'books ',
       'about ', 'Lucille ', 'Ball', ', ', 'especially ', 'her ',
       'autobiography', '. ', 'I', "'", 've ', 'never ', 'seen ', 'so ',
       'many ', 'mistakes ', 'in ', 'a ', 'bio', 'pic', ', ', 'ranging ',
       'from ', 'her ', 'early ', 'years ', 'in ', 'Ce', 'lor', 'on ',
       'and ', 'Jamestown ', 'to ', 'her ', 'later ', 'years ', 'with ',
       'Des', 'i', '. ', 'I ', 'could ', 'write ', 'a ', 'whole ',
       'list ', 'of ', 'factual ', 'errors', ', ', 'but ', 'it ',
       'would ', 'go ', 'on ', 'for ', 'pages', '. ', 'In ', 'all', ', ',
       'I ', 'believe ', 'that ', 'Lucille ', 'Ball ', 'is ', 'one ',
       'of ', 'those ', 'in', 'imi', 'table ', 'people ', 'who ',
       'simply ', 'cannot ', 'be ', 'portrayed ', 'by ', 'anyone ',
       'other ', 'than ', 'themselves', '. ', 'If ', 'I ', 'were ',
       'Lucie ', 'Ar', 'na', 'z ', 'and ', 'Des', 'i', ', ', 'Jr', '.',
       ', ', 'I ', 'would ', 'be ', 'ira', 'te ', 'at ', 'how ', 'many ',
       'mistakes ', 'were ', 'made ', 'in ', 'this ', 'film', '. ',
       'The ', 'filmmakers ', 'tried ', 'hard', ', ', 'but ', 'the ',
       'movie ', 'seems ', 'awful', 'ly ', 'sloppy ', 'to ', 'me', '.',
       ''], dtype=object), array(['', 'When ', 'I ', 'first ', 'saw ', 'a ', 'glimpse ', 'of ',
       'this ', 'movie', ', ', 'I ', 'quickly ', 'noticed ', 'the ',
       'actress ', 'who ', 'was ', 'playing ', 'the ', 'role ', 'of ',
       'Lucille ', 'Ball', '. ', 'Rachel ', 'York', "'", 's ',
       'portrayal ', 'of ', 'Lucy ', 'is ', 'absolutely ', 'awful', '. ',
       'Lucille ', 'Ball ', 'was ', 'an ', 'as', 'tou', 'nding ',
       'comedian ', 'with ', 'incredible ', 'talent', '. ', 'To ',
       'think ', 'about ', 'a ', 'legend ', 'like ', 'Lucille ', 'Ball ',
       'being ', 'portrayed ', 'the ', 'way ', 'she ', 'was ', 'in ',
       'the ', 'movie ', 'is ', 'ho', 'rre', 'ndo', 'us', '. ', 'I ',
       'cannot ', 'believe ', 'out ', 'of ', 'all ', 'the ', 'actresses ',
       'in ', 'the ', 'world ', 'who ', 'could ', 'play ', 'a ', 'much ',
       'better ', 'Lucy', ', ', 'the ', 'producers ', 'decided ', 'to ',
       'get ', 'Rachel ', 'York', '. ', 'She ', 'might ', 'be ', 'a ',
       'good ', 'actress ', 'in ', 'other ', 'roles ', 'but ', 'to ',
       'play ', 'the ', 'role ', 'of ', 'Lucille ', 'Ball ', 'is ',
       'tough', '. ', 'It ', 'is ', 'pretty ', 'hard ', 'to ', 'find ',
       'someone ', 'who ', 'could ', 'resemble ', 'Lucille ', 'Ball',
       ', ', 'but ', 'they ', 'could ', 'at ', 'least ', 'find ',
       'someone ', 'a ', 'bit ', 'similar ', 'in ', 'looks ', 'and ',
       'talent', '. ', 'If ', 'you ', 'noticed ', 'York', "'", 's ',
       'portrayal ', 'of ', 'Lucy ', 'in ', 'episodes ', 'of ', 'I ',
       'Love ', 'Lucy ', 'like ', 'the ', 'chocolate ', 'factory ', 'or ',
       'vita', 'vet', 'ave', 'gami', 'n', ', ', 'nothing ', 'is ',
       'similar ', 'in ', 'any ', 'way', '-', 'her ', 'expression', ', ',
       'voice', ', ', 'or ', 'movement', '.', '<', 'br ', '/', '>', '<',
       'br ', '/', '>', 'To ', 'top ', 'it ', 'all ', 'off', ', ',
       'Danny ', 'Pin', 'o ', 'playing ', 'Des', 'i ', 'Ar', 'na', 'z ',
       'is ', 'horrible', '. ', 'Pin', 'o ', 'does ', 'not ', 'qualify ',
       'to ', 'play ', 'as ', 'Ricky', '. ', 'He', "'", 's ', 'small ',
       'and ', 'skinny', ', ', 'his ', 'accent ', 'is ', 'un', 'real',
       ', ', 'and ', 'once ', 'again', ', ', 'his ', 'acting ', 'is ',
       'unbelievable', '. ', 'Although ', 'Fred ', 'and ', 'Ethel ',
       'were ', 'not ', 'similar ', 'either', ', ', 'they ', 'were ',
       'not ', 'as ', 'bad ', 'as ', 'the ', 'characters ', 'of ',
       'Lucy ', 'and ', 'Ricky', '.', '<', 'br ', '/', '>', '<', 'br ',
       '/', '>', 'Overall', ', ', 'extremely ', 'horrible ', 'casting ',
       'and ', 'the ', 'story ', 'is ', 'badly ', 'told', '. ', 'If ',
       'people ', 'want ', 'to ', 'understand ', 'the ', 'real ', 'life ',
       'situation ', 'of ', 'Lucille ', 'Ball', ', ', 'I ', 'suggest ',
       'watching ', 'A', '&', 'E ', 'Biography ', 'of ', 'Lucy ', 'and ',
       'Des', 'i', ', ', 'read ', 'the ', 'book ', 'from ', 'Lucille ',
       'Ball ', 'herself', ', ', 'or ', 'PBS', "' ", 'American ',
       'Masters', ': ', 'Finding ', 'Lucy', '. ', 'If ', 'you ', 'want ',
       'to ', 'see ', 'a ', 'doc', 'ud', 'rama', ', ', '"', 'Before ',
       'the ', 'Laughter', '" ', 'would ', 'be ', 'a ', 'better ',
       'choice', '. ', 'The ', 'casting ', 'of ', 'Lucille ', 'Ball ',
       'and ', 'Des', 'i ', 'Ar', 'na', 'z ', 'in ', '"', 'Before ',
       'the ', 'Laughter', '" ', 'is ', 'much ', 'better ', 'compared ',
       'to ', 'this', '. ', 'At ', 'least', ', ', 'a ', 'similar ',
       'aspect ', 'is ', 'shown ', 'rather ', 'than ', 'nothing', '.', ''],
      dtype=object), array(['', 'Who ', 'are ', 'these ', '"', 'They', '"', '- ', 'the ',
       'actors', '? ', 'the ', 'filmmakers', '? ', 'Certainly ', 'couldn',
       "'", 't ', 'be ', 'the ', 'audience', '- ', 'this ', 'is ',
       'among ', 'the ', 'most ', 'air', '-', 'puff', 'ed ',
       'productions ', 'in ', 'existence', '. ', 'It', "'", 's ', 'the ',
       'kind ', 'of ', 'movie ', 'that ', 'looks ', 'like ', 'it ',
       'was ', 'a ', 'lot ', 'of ', 'fun ', 'to ', 'shoot\x97 ', 'TOO ',
       'much ', 'fun', ', ', 'nobody ', 'is ', 'getting ', 'any ',
       'actual ', 'work ', 'done', ', ', 'and ', 'that ', 'almost ',
       'always ', 'makes ', 'for ', 'a ', 'movie ', 'that', "'", 's ',
       'no ', 'fun ', 'to ', 'watch', '.', '<', 'br ', '/', '>', '<',
       'br ', '/', '>', 'Ritter ', 'don', 's ', 'glasses ', 'so ', 'as ',
       'to ', 'hammer ', 'home ', 'his ', 'character', "'", 's ',
       'status ', 'as ', 'a ', 'sort ', 'of ', 'do', 'pp', 'leg',
       'anger ', 'of ', 'the ', 'be', 'sp', 'ect', 'acle', 'd ', 'Bog',
       'dan', 'ovich', '; ', 'the ', 'scenes ', 'with ', 'the ', 'bree',
       'zy ', 'Ms', '. ', 'St', 'rat', 'ten ', 'are ', 'sweet', ', ',
       'but ', 'have ', 'an ', 'embarrassing', ', ', 'look', '-', 'guys',
       '-', 'I', "'", 'm', '-', 'dating', '-', 'the', '-', 'prom', '-',
       'queen ', 'feel ', 'to ', 'them', '. ', 'Ben ', 'Ga', 'zza', 'ra ',
       'sports ', 'his ', 'usual ', 'cat', "'", 's', '-', 'got', '-',
       'canary ', 'grin ', 'in ', 'a ', 'futile ', 'attempt ', 'to ',
       'el', 'eva', 'te ', 'the ', 'me', 'ager ', 'plot', ', ', 'which ',
       'requires ', 'him ', 'to ', 'pursue ', 'Audrey ', 'Hepburn ',
       'with ', 'all ', 'the ', 'interest ', 'of ', 'a ', 'na', 'rco',
       'le', 'ptic ', 'at ', 'an ', 'ins', 'om', 'nia ', 'clinic', '. ',
       'In ', 'the ', 'meantime', ', ', 'the ', 'bud', 'ding ', 'couple',
       "'", 's ', 'respective ', 'children ', '(', 'ne', 'pot', 'ism ',
       'alert', ': ', 'Bog', 'dan', 'ovich', "'", 's ', 'daughters', ') ',
       'sp', 'ew ', 'cute ', 'and ', 'pick ', 'up ', 'some ', 'fairly ',
       'disturbing ', 'pointer', 's ', 'on ', "'", 'love', "' ", 'while ',
       'observing ', 'their ', 'parents', '. ', '(', 'Ms', '. ',
       'Hepburn', ', ', 'drawing ', 'on ', 'her ', 'dignity', ', ',
       'manages ', 'to ', 'rise ', 'above ', 'the ', 'proceedings', '- ',
       'but ', 'she ', 'has ', 'the ', 'monumental ', 'challenge ', 'of ',
       'playing ', 'herself', ', ', 'ostensibly', '.', ') ', 'Everybody ',
       'looks ', 'great', ', ', 'but ', 'so ', 'what', '? ', 'It', "'",
       's ', 'a ', 'movie ', 'and ', 'we ', 'can ', 'expect ', 'that ',
       'much', ', ', 'if ', 'that', "'", 's ', 'what ', 'you', "'", 're ',
       'looking ', 'for ', 'you', "'", 'd ', 'be ', 'better ', 'off ',
       'picking ', 'up ', 'a ', 'copy ', 'of ', 'Vogue', '.', '<', 'br ',
       '/', '>', '<', 'br ', '/', '>', 'Oh', '- ', 'and ', 'it ', 'has ',
       'to ', 'be ', 'mentioned ', 'that ', 'Colleen ', 'Camp ',
       'thoroughly ', 'ann', 'oys', ', ', 'even ', 'apart ', 'from ',
       'her ', 'singing', ', ', 'which', ', ', 'while ', 'competent',
       ', ', 'is ', 'wholly ', 'un', 'con', 'vin', 'cing', '.', '.', '. ',
       'the ', 'country ', 'and ', 'western ', 'numbers ', 'are ', 'wo',
       'ef', 'ull', 'y ', 'mis', 'mat', 'ched ', 'with ', 'the ',
       'standards ', 'on ', 'the ', 'soundtrack', '. ', 'Surely ',
       'this ', 'is ', 'NOT ', 'what ', 'Gershwin ', '(', 'who ',
       'wrote ', 'the ', 'song ', 'from ', 'which ', 'the ', 'movie', "'",
       's ', 'title ', 'is ', 'derived', ') ', 'had ', 'in ', 'mind',
       '; ', 'his ', 'stage ', 'musicals ', 'of ', 'the ', '20', "'",
       's ', 'may ', 'have ', 'been ', 'slight', ', ', 'but ', 'at ',
       'least ', 'they ', 'were ', 'long ', 'on ', 'charm', '. ', '"',
       'They ', 'All ', 'Laughed', '" ', 'tries ', 'to ', 'coast ', 'on ',
       'its ', 'good ', 'intentions', ', ', 'but ', 'nobody', '- ',
       'least ', 'of ', 'all ', 'Peter ', 'Bog', 'dan', 'ovich ', '- ',
       'has ', 'the ', 'good ', 'sense ', 'to ', 'put ', 'on ', 'the ',
       'brakes', '.', '<', 'br ', '/', '>', '<', 'br ', '/', '>', 'Due ',
       'in ', 'no ', 'small ', 'part ', 'to ', 'the ', 'tragic ',
       'death ', 'of ', 'Dorothy ', 'St', 'rat', 'ten', ', ', 'this ',
       'movie ', 'has ', 'a ', 'special ', 'place ', 'in ', 'the ',
       'heart ', 'of ', 'Mr', '. ', 'Bog', 'dan', 'ovich', '- ', 'he ',
       'even ', 'bought ', 'it ', 'back ', 'from ', 'its ', 'producers',
       ', ', 'then ', 'distributed ', 'it ', 'on ', 'his ', 'own ',
       'and ', 'went ', 'bankrupt ', 'when ', 'it ', 'didn', "'", 't ',
       'prove ', 'popular', '. ', 'His ', 'rise ', 'and ', 'fall ', 'is ',
       'among ', 'the ', 'more ', 'sympathetic ', 'and ', 'tragic ',
       'of ', 'Hollywood ', 'stories', ', ', 'so ', 'there', "'", 's ',
       'no ', 'joy ', 'in ', 'criticizing ', 'the ', 'film', '.', '.',
       '. ', 'there ', '_', 'is', '_ ', 'real ', 'emotional ',
       'investment ', 'in ', 'Ms', '. ', 'St', 'rat', 'ten', "'", 's ',
       'scenes', '. ', 'But ', '"', 'Laughed', '" ', 'is ', 'a ',
       'faint ', 'echo ', 'of ', '"', 'The ', 'Last ', 'Picture ', 'Show',
       '"', ', ', '"', 'Paper ', 'Moon', '" ', 'or ', '"', 'What', "'",
       's ', 'Up', ', ', 'Doc', '"', '- ', 'following ', '"', 'Daisy ',
       'Miller', '" ', 'and ', '"', 'At ', 'Long ', 'Last ', 'Love', '"',
       ', ', 'it ', 'was ', 'a ', 'thunder', 'ing ', 'confirmation ',
       'of ', 'the ', 'phase ', 'from ', 'which ', 'P', '.', 'B', '. ',
       'has ', 'never ', 'emerged', '.', '<', 'br ', '/', '>', '<', 'br ',
       '/', '>', 'All ', 'in ', 'all', ', ', 'though', ', ', 'the ',
       'movie ', 'is ', 'harmless', ', ', 'only ', 'a ', 'waste ', 'of ',
       'rental', '. ', 'I ', 'want ', 'to ', 'watch ', 'people ',
       'having ', 'a ', 'good ', 'time', ', ', 'I', "'", 'll ', 'go ',
       'to ', 'the ', 'park ', 'on ', 'a ', 'sunny ', 'day', '. ', 'For ',
       'film', 'ic ', 'expressions ', 'of ', 'joy ', 'and ', 'love', ', ',
       'I', "'", 'll ', 'stick ', 'to ', 'Ernest ', 'Lu', 'bit', 'sch ',
       'and ', 'Ja', 'ques ', 'Dem', 'y', '.', '.', '.', ''], dtype=object), array(['', 'This ', 'is ', 'said ', 'to ', 'be ', 'a ', 'personal ',
       'film ', 'for ', 'Peter ', 'Bog', 'don', 'avi', 'tch', '. ', 'He ',
       'based ', 'it ', 'on ', 'his ', 'life ', 'but ', 'changed ',
       'things ', 'around ', 'to ', 'fit ', 'the ', 'characters', ', ',
       'who ', 'are ', 'detectives', '. ', 'These ', 'detectives ',
       'date ', 'beautiful ', 'models ', 'and ', 'have ', 'no ',
       'problem ', 'getting ', 'them', '. ', 'Sounds ', 'more ', 'like ',
       'a ', 'millionaire ', 'playboy ', 'filmmaker ', 'than ', 'a ',
       'detective', ', ', 'doesn', "'", 't ', 'it', '? ', 'This ',
       'entire ', 'movie ', 'was ', 'written ', 'by ', 'Peter', ', ',
       'and ', 'it ', 'shows ', 'how ', 'out ', 'of ', 'touch ', 'with ',
       'real ', 'people ', 'he ', 'was', '. ', 'You', "'", 're ',
       'supposed ', 'to ', 'write ', 'what ', 'you ', 'know', ', ',
       'and ', 'he ', 'did ', 'that', ', ', 'indeed', '. ', 'And ',
       'leaves ', 'the ', 'audience ', 'bored ', 'and ', 'confused', ', ',
       'and ', 'jealous', ', ', 'for ', 'that ', 'matter', '. ', 'This ',
       'is ', 'a ', 'cu', 'rio ', 'for ', 'people ', 'who ', 'want ',
       'to ', 'see ', 'Dorothy ', 'St', 'rat', 'ten', ', ', 'who ',
       'was ', 'murdered ', 'right ', 'after ', 'filming', '. ', 'But ',
       'Patti ', 'Hanson', ', ', 'who ', 'would', ', ', 'in ', 'real ',
       'life', ', ', 'marry ', 'Keith ', 'Richards', ', ', 'was ',
       'also ', 'a ', 'model', ', ', 'like ', 'St', 'rat', 'ten', ', ',
       'but ', 'is ', 'a ', 'lot ', 'better ', 'and ', 'has ', 'a ',
       'more ', 'ample ', 'part', '. ', 'In ', 'fact', ', ', 'St', 'rat',
       'ten', "'", 's ', 'part ', 'seemed ', 'forced', '; ', 'added',
       '. ', 'She ', 'doesn', "'", 't ', 'have ', 'a ', 'lot ', 'to ',
       'do ', 'with ', 'the ', 'story', ', ', 'which ', 'is ', 'pretty ',
       'con', 'vo', 'lu', 'ted ', 'to ', 'begin ', 'with', '. ', 'All ',
       'in ', 'all', ', ', 'every ', 'character ', 'in ', 'this ',
       'film ', 'is ', 'somebody ', 'that ', 'very ', 'few ', 'people ',
       'can ', 'relate ', 'with', ', ', 'unless ', 'you', "'", 're ',
       'millionaire ', 'from ', 'Manhattan ', 'with ', 'beautiful ',
       'super', 'mo', 'del', 's ', 'at ', 'your ', 'beck', 'on ', 'call',
       '. ', 'For ', 'the ', 'rest ', 'of ', 'us', ', ', 'it', "'", 's ',
       'an ', 'irritating ', 's', 'nor', 'e ', 'fest', '. ', 'That', "'",
       's ', 'what ', 'happens ', 'when ', 'you', "'", 're ', 'out ',
       'of ', 'touch', '. ', 'You ', 'entertain ', 'your ', 'few ',
       'friends ', 'with ', 'inside ', 'jokes', ', ', 'and ', 'bore ',
       'all ', 'the ', 'rest', '.', ''], dtype=object))